# NEST version: 3.9.0
# RecordingBackendASCII version: 2
sender	time_ms
1	5.070
2	5.670
6	5.400
7	5.710
9	5.290
10	5.930
11	5.470
12	5.620
13	5.510
14	5.670
15	4.800
16	5.420
17	5.590
19	5.550
20	5.690
21	5.550
22	5.800
23	5.180
24	5.900
25	5.880
26	5.580
28	5.900
29	5.890
31	5.760
33	5.390
34	5.420
35	5.590
38	5.640
3	6.110
4	6.090
5	6.380
8	6.400
18	6.200
27	6.630
30	6.350
32	6.290
36	6.210
37	6.230
39	6.520
40	6.310
9	10.150
15	10.160
3	11.720
4	11.700
10	11.180
11	11.550
13	11.280
16	11.520
17	11.000
18	11.220
19	11.990
20	11.190
21	11.380
23	10.980
25	11.530
26	11.840
33	11.340
34	10.980
35	10.830
36	11.620
37	11.220
1	12.310
2	12.400
5	12.330
6	12.770
7	12.160
8	13.140
12	12.440
14	12.150
22	12.180
27	12.290
28	12.580
29	12.400
30	12.260
31	12.600
38	12.010
39	13.350
40	12.260
24	13.840
32	14.420
10	15.530
15	16.470
17	16.110
4	17.130
7	17.680
9	16.860
13	17.600
14	17.210
18	17.100
19	18.000
21	17.310
23	17.390
26	18.000
33	17.460
34	17.520
35	16.670
36	17.240
37	17.630
38	16.990
40	17.470
1	18.490
2	18.470
3	18.260
5	18.620
8	19.360
11	18.410
12	19.390
16	18.920
20	18.570
22	18.140
25	19.110
27	19.040
30	19.260
31	19.420
10	20.710
24	20.020
28	19.900
29	19.620
32	20.730
39	20.710
6	21.040
17	21.870
4	22.810
7	23.830
9	22.570
11	23.890
13	23.500
14	23.770
15	23.440
18	23.310
21	23.300
23	22.830
25	23.810
33	23.230
34	23.200
35	23.440
36	22.820
38	22.820
1	25.070
2	24.420
3	24.140
5	25.360
8	24.980
19	24.400
20	25.350
22	24.990
26	24.460
27	25.340
30	24.850
31	25.400
37	25.160
40	24.500
6	26.560
12	25.690
16	25.560
24	26.380
28	26.190
29	26.550
9	28.190
10	27.840
17	28.400
23	28.200
32	27.100
34	28.350
38	27.930
39	27.650
4	28.980
11	29.780
13	28.830
15	29.270
21	29.150
33	29.960
35	29.990
36	28.840
1	31.060
2	30.430
3	31.070
5	31.070
6	31.460
7	30.130
12	31.220
14	30.220
18	30.440
19	30.420
22	30.540
25	30.480
26	30.080
27	30.530
28	31.460
30	30.710
31	31.360
37	31.170
40	30.220
8	31.610
16	31.730
20	31.700
24	32.780
29	32.380
9	34.070
10	34.470
17	34.460
32	33.200
38	33.900
4	35.640
11	35.360
13	35.310
15	35.070
19	35.600
21	34.690
22	35.750
23	34.990
25	35.520
26	35.660
34	34.820
36	35.350
39	34.710
2	37.400
3	37.030
6	36.980
7	36.140
8	36.240
14	36.250
18	36.300
20	36.740
28	36.950
30	36.280
33	36.540
35	36.290
40	36.330
1	37.680
5	37.860
12	38.070
16	37.610
24	38.480
27	37.590
31	38.410
37	37.570
9	39.370
17	39.980
29	39.050
32	39.990
38	40.490
4	41.860
10	41.180
11	41.280
13	41.790
19	40.860
21	40.940
23	41.280
25	41.620
26	41.630
34	41.750
39	41.410
2	42.900
3	43.130
6	43.280
7	42.010
8	42.860
14	42.240
15	42.260
18	43.440
20	43.130
22	42.130
27	43.220
30	42.860
33	42.950
36	42.510
40	43.250
1	43.640
5	43.990
12	44.480
16	44.800
28	43.590
29	44.420
31	44.870
35	43.830
37	44.100
9	46.020
24	45.420
11	47.380
17	47.130
19	46.630
21	47.130
23	47.320
32	47.090
36	47.720
38	46.540
39	46.980
2	48.700
4	49.030
6	49.160
10	48.070
13	48.560
14	48.420
15	48.160
22	48.440
25	48.230
26	48.800
27	48.900
30	49.020
33	48.190
34	48.360
40	48.660
1	49.700
3	49.660
5	49.530
7	49.840
8	50.520
12	50.090
16	50.430
18	49.640
20	49.640
28	49.980
31	50.770
37	50.150
11	52.460
24	51.380
29	51.640
35	51.100
38	52.380
39	52.440
9	53.150
19	53.190
21	53.860
23	53.150
32	52.710
33	53.770
36	53.820
2	54.570
4	54.770
6	55.030
7	55.410
13	55.000
14	55.010
15	54.850
17	54.060
22	54.240
25	54.150
26	54.420
27	54.910
34	55.140
40	55.210
1	57.000
3	56.250
5	55.920
8	56.250
10	56.790
12	55.750
18	56.010
20	55.980
28	55.740
30	55.930
31	56.620
37	56.430
16	57.110
24	57.340
29	57.010
35	57.750
11	58.680
19	59.270
23	59.410
26	59.660
32	59.370
33	58.900
36	59.990
38	58.800
39	59.260
2	60.090
4	60.510
6	60.870
7	61.480
8	61.260
9	60.240
13	61.270
15	61.420
17	60.140
21	60.430
22	60.220
25	60.330
27	61.030
28	60.640
34	60.790
3	62.280
5	62.150
10	62.530
12	61.930
14	61.750
18	61.590
20	61.690
30	62.070
31	62.610
37	62.340
40	61.560
1	63.470
16	63.750
24	63.500
29	63.230
32	64.100
35	63.500
2	65.660
11	65.220
19	64.900
21	65.880
26	65.230
33	64.700
4	67.000
6	67.170
8	66.930
9	66.150
13	66.580
15	67.160
17	66.330
18	67.440
20	67.240
22	67.190
23	66.300
27	67.010
28	66.710
34	67.140
36	66.680
37	67.350
38	66.410
39	66.650
3	68.870
5	68.850
7	68.180
14	68.170
25	67.510
29	68.980
30	68.450
40	67.890
1	70.120
10	69.260
12	69.890
16	70.270
24	69.880
31	69.040
35	69.410
9	71.320
11	71.110
19	71.350
21	70.990
26	71.810
32	71.470
33	71.070
2	72.470
4	72.990
8	73.130
13	73.190
14	73.360
15	73.080
17	73.270
18	73.140
20	73.420
23	73.160
28	73.180
36	72.330
38	72.530
5	74.540
6	73.800
7	73.600
22	74.450
25	73.770
27	73.700
29	74.410
30	74.790
34	74.100
37	73.920
39	73.760
40	74.940
3	75.980
10	76.130
24	75.330
31	75.870
35	76.310
1	76.830
9	77.980
11	76.680
12	76.990
16	77.010
21	77.200
32	77.280
33	77.300
2	78.090
14	79.320
15	79.450
18	79.430
19	79.230
26	79.140
28	79.220
36	78.970
38	78.150
4	80.310
5	80.280
6	80.100
7	80.520
8	79.530
13	79.640
17	80.740
20	80.290
23	79.510
25	79.690
27	80.230
29	79.710
30	80.700
37	79.890
39	80.190
3	82.070
10	81.580
11	82.040
22	81.320
24	81.190
31	82.250
34	81.550
35	82.270
40	81.320
1	82.800
9	83.540
12	82.560
16	83.670
21	82.720
32	83.580
2	84.330
14	85.100
15	85.490
28	84.980
29	85.200
33	84.240
36	84.030
37	85.410
38	85.500
4	86.380
5	85.990
6	86.420
7	86.710
8	85.560
13	86.130
18	85.680
19	86.030
20	86.010
23	85.830
24	86.610
25	85.790
26	86.770
27	86.740
34	86.480
39	86.440
40	85.860
11	88.350
12	87.440
22	87.650
30	87.730
35	87.700
1	89.870
3	88.730
10	88.630
16	89.440
17	88.550
21	89.250
31	88.740
32	89.320
36	89.400
2	91.420
8	91.430
9	90.310
14	91.340
28	90.500
29	90.410
33	90.130
37	90.960
40	91.370
5	91.960
6	92.930
7	92.210
12	92.840
13	92.770
15	91.690
18	92.040
19	92.160
20	92.810
23	92.550
24	92.380
25	91.960
26	92.410
30	92.900
38	92.310
4	93.960
22	93.300
27	93.630
34	93.210
35	93.530
39	93.970
1	95.130
3	95.160
9	95.820
10	95.020
11	94.730
16	95.080
17	95.780
21	94.770
29	94.780
31	94.930
33	95.590
36	95.140
14	97.450
15	97.290
28	97.060
32	96.530
37	96.340
40	96.460
5	97.860
7	97.780
8	97.560
12	98.260
18	97.570
19	98.700
20	98.210
23	98.450
24	98.920
25	98.790
26	97.980
27	98.700
38	98.810
2	99.170
4	99.440
6	99.860
10	100.120
13	100.330
16	100.170
22	99.090
30	100.110
31	100.380
34	99.110
35	100.250
36	100.340
1	101.760
9	101.450
11	100.550
21	100.580
29	101.170
33	101.110
39	100.660
3	102.270
8	103.460
14	103.300
15	103.280
17	102.190
26	103.450
40	102.560
2	104.740
5	104.130
7	104.440
12	103.910
18	103.690
19	104.960
20	104.960
23	104.920
27	104.210
28	104.510
32	103.540
37	104.060
38	104.770
4	106.210
10	105.800
13	106.500
16	106.430
24	106.240
25	105.310
30	106.190
34	105.150
35	105.600
1	107.560
6	107.590
9	107.160
11	107.010
21	106.800
22	106.570
29	107.840
31	106.570
33	107.100
36	106.860
39	106.770
3	108.270
17	108.860
26	108.420
40	109.150
2	110.500
5	110.210
7	110.010
8	109.730
12	110.300
14	110.110
15	110.970
18	109.660
27	110.940
28	110.540
32	110.430
34	110.680
37	110.360
10	111.160
19	112.380
20	112.130
23	111.310
25	111.560
33	111.740
35	112.020
38	111.920
4	113.490
6	113.610
11	112.850
13	113.950
16	113.210
21	113.360
22	113.000
24	113.160
30	113.150
31	113.180
36	112.750
39	113.300
1	114.120
9	114.110
17	114.180
26	114.060
28	114.870
29	114.240
40	114.860
2	116.250
3	116.100
5	116.280
8	116.150
10	116.190
12	115.820
14	116.560
18	116.540
34	116.560
37	115.920
7	117.270
11	118.440
15	118.070
19	118.260
20	118.390
23	117.610
25	117.500
27	117.450
32	117.980
33	117.530
35	117.750
38	117.440
13	119.700
16	118.720
17	119.630
21	119.690
22	118.620
24	119.340
26	119.540
31	119.540
36	119.180
39	118.910
1	120.880
4	120.610
6	120.080
9	120.330
28	120.720
29	120.730
30	120.750
3	122.700
5	121.930
8	122.030
10	122.720
12	121.630
18	121.890
27	122.860
34	122.030
37	122.520
40	121.510
2	123.270
7	124.180
11	124.340
14	123.450
19	123.800
25	123.960
32	123.980
33	124.360
35	123.800
38	123.910
39	124.460
13	125.510
15	124.720
16	125.730
20	125.040
22	124.710
23	124.540
24	125.330
26	124.790
29	125.720
31	125.650
36	124.590
1	127.060
4	126.560
6	126.160
9	127.290
12	127.050
17	126.660
21	126.730
28	126.620
30	126.760
40	127.310
5	128.120
18	128.660
27	128.140
34	128.990
35	128.920
3	129.380
7	129.130
8	129.290
10	129.060
14	129.880
19	130.140
20	130.290
22	130.280
23	130.480
25	129.720
26	130.020
36	130.070
37	129.680
38	130.430
2	130.730
11	130.880
13	131.600
15	131.230
16	131.760
24	131.560
29	131.660
30	131.810
31	131.360
32	130.650
33	131.220
39	130.620
4	133.250
6	132.320
9	132.620
12	133.380
17	133.330
21	132.150
28	132.900
40	133.360
1	134.450
5	134.720
7	134.960
27	134.180
34	134.890
3	135.020
8	136.360
10	135.270
14	136.290
18	135.600
20	136.400
22	136.400
26	136.250
35	135.110
37	135.590
38	136.290
39	135.880
2	136.670
11	136.780
15	137.780
16	136.620
19	136.780
23	136.610
24	137.210
25	136.870
29	137.470
30	137.530
31	137.530
32	137.340
33	137.250
36	136.810
6	138.640
9	139.020
13	138.160
17	139.350
28	138.620
1	140.290
4	139.680
5	140.830
12	140.940
21	140.700
40	140.120
7	141.530
8	142.300
10	141.270
14	142.480
16	142.180
18	141.250
20	142.260
27	141.350
34	141.260
35	141.830
37	142.160
38	142.130
39	142.030
2	142.870
3	142.830
11	143.650
15	143.130
19	142.720
22	143.080
23	143.640
24	143.720
25	143.190
26	142.650
29	143.480
30	143.480
32	143.480
33	143.320
36	143.350
6	144.420
9	145.410
13	144.910
17	145.390
31	144.420
1	145.740
4	146.730
18	146.510
28	145.960
40	146.870
3	148.380
5	147.610
7	148.460
8	148.050
10	147.170
12	147.560
21	147.300
25	148.220
27	147.630
33	148.480
34	148.040
37	147.540
39	148.440
2	149.980
15	148.660
16	149.000
19	148.650
20	148.680
22	148.630
23	149.670
24	149.850
26	149.270
29	149.740
30	149.620
31	149.980
32	148.720
35	148.530
36	148.540
38	148.950
1	151.480
6	150.440
9	151.270
13	150.640
14	150.130
17	151.160
4	152.550
5	152.750
10	152.750
11	151.570
18	152.540
28	152.770
7	154.270
8	154.110
12	153.060
21	153.320
27	153.750
33	154.330
34	153.290
35	154.020
36	154.400
37	153.700
40	153.440
2	155.730
3	154.570
13	155.990
15	154.930
16	154.680
19	155.180
20	155.330
22	154.610
23	155.870
25	154.700
26	155.370
29	156.000
30	155.910
32	155.510
38	154.590
39	155.310
1	157.480
6	156.070
17	157.030
24	156.350
31	156.590
4	158.150
9	158.050
11	158.800
12	158.360
14	157.590
18	158.730
28	158.610
34	159.000
5	159.300
8	160.280
10	159.440
21	160.350
22	160.490
27	159.940
35	160.060
40	159.230
2	161.450
3	161.290
6	161.680
7	160.640
13	161.620
15	160.930
16	161.210
19	161.850
20	161.720
23	161.920
25	160.850
26	161.070
31	161.600
32	161.610
33	161.670
36	160.930
37	160.530
38	160.560
39	161.880
1	163.300
9	163.270
29	162.500
30	162.110
4	163.570
11	164.720
12	163.590
14	164.900
17	163.680
24	163.970
5	165.360
8	165.910
10	165.520
18	165.200
21	165.160
22	165.780
27	166.300
28	165.330
34	166.010
35	166.120
40	165.050
2	167.110
3	167.970
7	167.570
13	167.610
15	167.400
23	167.580
25	167.470
26	167.490
30	167.360
31	167.720
32	167.460
36	166.590
37	166.850
38	166.930
1	168.630
4	169.290
6	168.390
12	169.330
16	168.650
19	168.770
20	168.180
29	169.430
33	168.900
39	168.300
5	170.220
9	170.870
11	170.110
14	170.660
17	169.810
21	170.730
24	170.570
28	170.430
8	171.890
10	171.440
18	171.760
22	171.950
34	172.460
36	172.330
37	172.350
40	171.820
2	173.410
7	173.930
13	173.730
15	173.670
25	172.970
26	172.960
27	173.000
30	173.070
32	172.870
35	172.720
38	173.090
1	175.290
3	174.730
6	174.960
12	175.200
16	174.140
19	175.050
20	175.060
23	174.130
29	175.340
31	174.620
33	175.340
4	175.770
5	176.960
9	177.000
10	176.790
17	175.510
21	176.250
24	176.000
28	176.490
39	175.530
8	177.400
11	177.080
14	177.560
18	177.350
35	178.130
37	177.200
15	179.150
16	179.120
23	179.510
25	179.060
26	178.760
27	179.140
30	178.730
32	178.900
34	178.920
36	179.010
38	178.770
40	179.080
2	180.130
3	180.430
4	180.910
7	180.100
13	180.560
17	181.110
20	181.240
22	180.080
31	180.680
1	182.100
6	181.640
9	182.910
12	182.530
18	182.310
19	182.830
21	181.650
24	182.180
29	182.110
33	181.920
39	181.640
8	183.680
10	183.110
11	183.960
14	183.190
28	183.050
37	183.550
38	183.550
2	185.880
5	184.510
15	185.500
16	185.090
25	185.280
26	185.290
27	185.330
30	184.780
32	185.930
34	185.930
35	184.930
36	184.540
40	185.680
3	186.470
4	187.330
6	187.180
7	186.860
13	187.030
17	187.320
22	186.520
23	186.140
31	186.580
1	188.500
9	188.510
18	188.060
20	187.570
21	188.320
24	188.520
29	188.400
33	188.340
39	187.690
8	189.780
10	189.560
11	190.230
12	189.320
14	189.830
19	189.100
28	189.410
37	190.070
2	191.750
15	190.690
16	190.840
23	191.970
25	191.460
26	191.220
30	191.700
35	190.880
36	190.990
38	190.540
40	191.700
3	192.290
4	192.340
5	192.370
6	193.210
7	192.430
22	192.960
27	192.300
31	192.620
32	192.170
34	192.470
9	194.160
13	193.730
17	194.250
18	194.190
20	194.790
21	194.080
24	193.640
39	193.720
1	195.810
8	195.950
10	195.850
11	196.360
16	196.470
19	195.710
28	195.420
29	195.030
33	195.440
38	196.210
2	197.510
7	197.490
12	196.890
14	196.910
25	197.080
26	197.150
30	197.810
32	197.900
35	197.270
36	197.490
37	196.790
3	198.760
4	199.130
5	198.550
6	199.180
15	198.200
22	199.480
23	198.620
27	198.540
31	198.290
34	199.080
39	199.330
40	198.340
9	200.410
13	200.310
17	200.830
18	200.640
20	200.530
21	199.880
24	199.690
29	200.410
1	201.830
8	202.200
10	202.420
28	202.140
37	202.390
38	201.940
7	203.240
12	202.870
14	203.010
15	203.830
16	203.030
19	203.040
25	203.830
26	203.480
31	203.610
32	203.670
33	202.630
36	202.630
3	205.040
5	204.460
6	205.260
11	204.020
18	205.500
23	204.370
27	204.800
30	205.170
35	204.160
40	205.030
2	205.930
4	206.020
9	205.930
13	205.540
20	205.700
21	206.520
22	205.660
24	206.470
29	206.600
34	205.630
39	206.090
1	207.880
7	208.340
8	207.730
17	207.530
28	207.910
36	208.410
37	208.400
38	207.460
10	209.700
12	209.160
14	208.510
19	208.960
31	208.510
33	208.610
3	210.850
5	210.790
11	210.370
13	211.200
15	210.450
16	210.090
23	210.650
25	210.570
30	210.940
32	210.480
34	211.230
35	211.310
2	212.150
4	212.200
6	212.350
20	211.890
21	212.350
22	212.810
24	212.980
26	211.510
27	212.230
40	212.410
1	213.830
7	213.700
8	213.750
9	214.220
14	213.940
17	214.420
18	213.530
19	214.030
28	214.200
29	213.070
33	214.340
37	214.200
38	214.320
39	213.670
11	215.430
12	214.890
16	215.340
31	215.980
36	214.860
3	216.610
4	217.250
5	217.410
10	216.190
15	216.590
23	216.530
25	216.530
1	218.700
2	218.550
6	218.620
13	217.930
20	218.050
21	218.720
22	218.990
24	218.840
26	217.510
27	218.580
28	218.750
29	218.810
30	217.510
32	218.090
34	217.590
35	217.620
40	218.620
8	220.410
9	220.500
11	220.360
14	219.250
18	220.010
39	219.710
7	220.540
10	221.740
12	221.330
16	221.860
17	220.950
19	221.110
31	221.600
33	221.060
36	221.280
37	220.510
38	221.280
15	222.960
23	222.040
25	222.190
1	224.420
3	223.550
4	224.010
5	223.950
6	224.960
13	223.580
14	224.950
20	224.200
21	224.480
22	223.820
24	224.600
26	223.760
27	224.750
28	223.950
30	223.580
32	224.710
34	224.120
35	224.900
40	223.910
2	225.350
7	225.730
8	226.000
9	226.030
39	226.030
10	227.950
11	227.370
12	227.520
16	226.810
17	227.270
18	226.590
19	227.190
23	227.960
25	227.720
29	227.080
31	227.950
36	227.580
37	226.730
13	229.130
15	229.300
30	229.150
33	228.090
38	228.270
3	229.730
4	229.680
5	230.020
14	230.920
21	230.900
22	230.470
24	230.660
26	230.340
27	230.810
28	230.190
34	229.710
35	230.910
1	232.120
2	231.140
6	231.750
7	231.360
9	231.920
20	231.540
32	231.680
39	232.390
40	231.120
8	232.690
11	233.260
18	232.520
19	233.500
29	233.560
31	233.630
33	233.950
37	233.830
3	235.240
4	234.870
10	234.370
12	234.160
16	234.130
17	234.300
23	234.430
25	234.250
30	234.190
36	234.980
38	234.310
5	236.640
13	236.350
15	236.190
24	236.820
26	236.700
27	236.590
28	236.600
34	235.870
35	236.610
2	237.150
7	237.910
14	237.560
20	237.430
21	237.200
22	237.950
32	237.880
40	237.270
1	239.190
6	239.530
8	238.890
9	239.460
18	238.870
19	239.170
25	239.940
39	239.390
3	241.090
4	240.620
10	241.160
11	240.330
12	241.050
16	240.210
17	240.400
23	240.830
29	240.880
30	241.420
31	240.100
33	240.890
36	241.460
37	240.580
38	240.910
2	242.930
15	241.600
24	242.840
26	242.400
34	242.100
35	242.440
40	242.790
5	243.220
7	243.730
13	243.450
14	244.180
20	243.240
22	243.810
27	243.250
28	243.320
32	244.160
6	244.960
8	245.740
9	245.540
11	245.910
18	245.470
19	245.420
21	244.710
25	245.420
31	245.510
39	245.640
1	246.070
3	246.700
4	247.110
12	246.950
15	246.610
16	246.610
17	246.980
23	246.760
29	247.410
36	247.460
37	246.590
38	247.390
2	248.860
10	247.550
24	248.770
26	248.820
30	248.630
33	247.550
34	248.590
35	247.910
40	248.980
5	249.190
13	250.300
20	250.060
22	249.010
27	249.570
28	249.310
32	250.150
6	251.350
7	251.830
9	251.770
14	250.680
19	251.360
21	251.040
25	250.690
1	252.800
4	253.170
8	252.050
11	252.640
15	253.170
16	252.430
18	252.040
23	253.300
31	252.790
33	252.500
36	253.310
37	253.080
39	252.290
3	254.000
10	253.750
12	254.260
17	253.920
22	254.570
24	254.320
26	253.870
28	254.390
29	254.450
30	254.630
35	253.670
38	253.520
2	255.130
5	255.630
20	256.310
21	256.360
27	256.030
32	256.030
34	256.090
40	256.270
6	256.820
13	257.040
14	256.730
25	257.030
1	258.610
7	258.290
8	259.380
9	258.520
11	258.730
18	258.140
19	258.100
26	258.840
31	259.350
36	259.320
37	259.240
38	259.220
39	258.430
2	260.990
3	260.850
4	259.790
10	260.880
15	259.700
16	260.280
17	259.980
22	260.180
28	260.060
29	260.620
33	259.530
35	259.670
5	261.430
12	262.040
20	262.100
21	261.190
23	261.540
24	261.460
30	261.800
32	262.150
34	261.970
40	262.320
13	263.260
14	262.650
18	263.920
25	263.760
27	262.620
1	264.930
6	264.140
7	265.220
8	265.500
9	265.150
19	264.230
26	265.110
31	265.360
38	264.600
39	264.350
2	266.630
3	266.340
4	266.620
10	266.770
11	265.740
15	266.800
16	266.900
17	265.880
21	266.620
22	266.540
33	265.620
35	266.400
36	265.760
5	267.190
20	267.640
23	267.080
24	267.910
28	267.220
29	267.120
30	268.500
32	268.300
34	267.590
37	267.790
40	268.480
12	269.570
13	269.750
14	269.580
25	269.160
27	268.990
6	270.750
9	270.880
18	270.610
19	270.520
26	271.460
31	271.420
38	271.200
39	271.450
1	272.090
2	272.660
3	272.440
4	272.990
7	271.880
8	272.120
11	271.580
15	272.580
17	272.050
21	272.120
22	272.640
33	271.760
36	272.040
5	273.300
10	273.210
16	273.010
23	273.080
24	273.720
28	273.340
29	273.610
34	273.290
35	273.370
40	273.180
12	275.230
13	275.220
14	275.120
20	274.770
27	275.410
30	274.570
32	274.570
37	274.810
6	277.210
9	276.940
17	277.220
18	276.550
19	276.100
25	276.020
31	277.500
38	277.320
39	277.280
1	278.310
3	278.880
7	277.960
8	278.020
11	278.860
21	278.510
22	278.920
26	277.940
36	278.180
2	279.810
4	279.050
5	279.760
10	279.470
15	279.670
16	280.080
23	279.300
24	280.000
28	279.880
29	279.730
32	280.010
33	279.300
34	279.840
35	279.680
40	279.920
12	280.950
13	280.890
14	281.250
20	281.330
25	281.510
27	281.590
30	280.700
17	283.010
18	282.920
19	282.860
31	283.280
37	282.130
39	283.100
1	283.560
6	283.570
7	283.710
9	284.040
11	284.660
22	285.000
26	283.550
36	284.040
38	283.830
3	286.100
4	285.590
5	285.620
8	285.730
10	285.150
16	285.120
21	285.520
23	285.640
24	286.380
28	285.640
29	285.830
32	286.010
33	286.480
34	285.720
35	286.210
2	286.630
12	286.900
13	287.720
15	286.910
20	287.430
25	287.830
30	287.980
37	287.900
40	287.160
7	289.010
14	288.180
18	288.500
26	288.670
27	289.250
31	289.350
39	289.440
1	289.950
6	289.560
9	290.070
11	289.960
17	290.170
19	289.830
21	290.600
22	290.110
36	289.530
38	290.250
3	292.000
4	291.620
8	292.320
15	292.300
16	291.940
23	291.650
24	292.460
28	291.870
29	292.370
32	292.310
33	292.410
34	291.300
35	292.360
2	292.880
5	292.680
10	292.560
12	293.840
13	293.440
37	292.860
6	294.550
7	294.790
14	295.090
18	294.820
19	295.280
20	294.600
26	295.270
27	294.630
30	295.270
40	294.330
1	296.550
11	296.990
17	296.190
22	296.210
25	295.650
31	296.110
36	295.850
38	296.630
39	295.690
4	298.200
9	297.530
10	297.460
16	297.970
21	297.530
28	298.170
29	298.060
32	298.430
33	298.420
34	297.610
37	298.150
2	299.210
3	298.620
5	299.710
8	298.760
12	299.760
13	299.090
15	298.770
23	298.600
24	298.930
7	300.860
14	300.060
19	301.150
20	300.850
26	301.130
27	301.380
30	300.700
35	300.010
40	301.100
6	301.630
10	302.480
17	302.620
18	301.710
25	302.420
34	302.570
36	301.920
38	302.550
39	301.590
1	303.020
4	303.880
11	303.080
16	303.740
21	303.040
22	303.070
23	304.480
29	304.060
31	304.350
32	304.130
37	303.420
2	305.320
3	304.530
8	305.460
9	304.670
12	305.700
13	305.090
15	304.790
24	305.150
28	304.870
33	305.950
35	305.530
5	307.220
7	306.480
14	306.890
19	307.370
20	307.210
26	307.080
30	306.310
40	306.940
6	308.850
10	308.630
17	308.870
18	308.790
21	308.000
22	308.980
25	308.240
27	307.510
34	308.300
36	308.330
39	307.650
1	309.390
11	309.490
16	309.220
29	310.100
37	309.280
38	309.080
2	311.320
3	310.530
4	311.270
8	311.390
9	310.910
12	311.970
13	311.380
15	310.740
23	310.940
24	311.140
30	311.330
31	311.360
32	310.600
7	312.760
14	313.500
26	313.030
27	312.920
28	312.810
35	312.780
39	312.790
40	313.220
5	314.700
6	314.350
10	314.550
19	314.330
20	314.730
21	314.130
22	314.930
33	313.540
34	313.970
1	315.430
15	315.940
16	315.140
18	315.340
25	315.680
29	315.760
36	315.130
37	315.780
38	315.170
2	317.620
3	316.680
4	316.760
7	317.930
8	317.660
9	317.370
11	317.350
17	316.630
30	317.490
31	317.570
32	317.300
12	318.820
13	318.940
14	319.400
23	318.030
24	318.420
27	318.210
28	319.370
33	318.980
40	318.910
6	320.780
16	320.470
19	320.700
20	319.840
21	320.130
22	319.940
26	319.730
34	319.700
35	320.430
39	320.020
1	321.930
4	322.280
5	321.840
10	321.380
18	322.440
25	322.440
29	321.870
36	322.310
37	322.290
38	322.500
2	323.730
3	322.910
9	323.870
11	323.000
12	323.770
15	322.570
30	323.250
31	323.360
32	323.180
7	324.430
8	324.010
13	325.040
17	324.060
20	325.230
23	324.050
24	324.160
27	324.330
28	325.240
33	324.750
34	325.490
40	325.050
6	325.860
14	326.360
19	326.320
22	326.040
26	325.750
39	326.680
1	328.360
10	327.760
11	328.480
15	328.370
16	327.650
18	328.490
21	327.170
29	327.760
35	327.250
36	328.320
37	328.420
3	329.020
4	329.200
5	328.710
12	329.970
20	329.680
23	329.300
25	329.190
27	329.230
30	329.350
32	329.580
2	330.110
6	331.330
8	330.990
9	330.300
13	330.340
17	330.330
24	331.050
26	331.370
31	330.330
33	330.600
34	330.970
38	330.020
7	331.520
14	332.580
19	331.580
28	332.450
39	331.620
40	332.150
16	334.120
21	333.050
22	333.070
29	333.160
30	334.150
35	333.070
37	334.330
1	334.520
2	335.110
3	335.700
4	335.620
5	335.090
10	334.840
11	335.500
12	335.790
15	334.700
18	334.890
20	335.550
23	335.760
25	335.180
27	334.850
32	335.580
36	335.500
6	337.350
8	337.220
9	336.740
13	336.350
17	336.700
31	336.460
34	337.320
38	337.120
7	337.740
14	338.830
19	337.560
21	337.970
24	337.510
26	337.910
28	338.120
33	338.090
35	338.870
39	337.810
1	339.920
15	340.410
16	340.220
22	339.080
29	339.470
30	339.880
37	339.720
40	339.080
2	341.590
3	341.670
10	340.810
12	340.740
13	341.770
17	341.900
18	341.160
20	341.360
25	341.080
27	341.140
32	340.930
4	342.180
5	342.050
9	342.860
11	342.200
23	343.110
24	342.970
26	342.700
31	343.180
34	342.870
36	342.790
6	344.080
7	344.080
8	343.780
19	343.610
21	343.830
35	343.980
38	344.000
39	343.880
1	345.360
10	345.930
14	345.740
15	346.070
22	345.330
28	345.180
29	345.780
33	345.110
37	346.410
40	345.680
12	347.960
13	347.610
16	346.760
18	347.710
20	347.950
26	348.000
27	347.480
30	346.520
32	346.880
2	348.390
3	348.610
4	348.810
5	348.720
8	349.500
9	348.180
17	348.120
24	349.200
25	348.310
34	348.460
39	349.420
6	350.170
7	350.280
19	350.510
21	350.900
23	350.220
31	349.730
35	350.460
36	350.200
38	350.370
10	351.700
11	351.500
14	351.330
15	351.810
22	351.800
28	352.370
29	351.100
40	352.280
1	352.560
2	353.880
5	353.930
16	352.520
17	353.800
27	353.430
30	353.040
32	352.580
33	353.020
37	352.950
3	354.340
4	355.410
9	354.210
12	354.180
13	354.900
18	354.140
20	354.480
25	354.680
26	355.340
34	354.810
39	354.880
6	356.480
8	356.080
19	356.640
23	356.390
24	356.250
31	355.810
35	356.560
36	356.470
38	356.950
1	358.100
7	357.160
10	357.850
11	358.440
14	357.580
15	357.970
16	358.470
21	357.260
22	357.520
28	358.440
29	357.280
32	358.220
3	359.470
5	359.350
17	359.810
20	359.870
27	359.770
30	359.180
33	358.770
34	359.930
37	358.980
2	361.010
8	361.410
12	360.590
18	360.450
25	361.070
40	360.020
4	361.540
6	362.550
9	361.550
13	361.710
23	362.000
24	362.990
26	362.040
31	362.390
36	362.370
38	362.950
39	361.690
1	364.030
7	363.520
10	363.480
14	364.230
15	364.470
19	363.510
21	363.180
22	364.340
28	364.260
29	363.920
35	363.470
3	365.520
11	364.560
16	365.300
20	365.660
27	365.550
30	364.880
32	364.990
33	365.270
34	365.720
37	364.520
40	365.840
2	366.970
5	366.700
8	366.900
12	366.500
17	366.960
18	367.250
23	367.330
25	367.010
39	367.310
4	367.740
9	367.850
13	368.460
26	367.550
35	368.870
36	367.780
6	370.140
7	369.480
10	370.000
14	369.920
15	369.970
19	369.520
20	370.320
21	370.270
22	370.220
24	369.090
29	370.090
31	369.150
37	370.450
38	369.200
1	370.580
11	371.610
16	370.790
27	371.660
28	370.640
30	370.870
32	370.510
33	371.790
2	373.300
3	372.820
5	372.180
8	372.360
9	373.330
17	373.350
18	373.350
23	373.040
25	373.270
34	372.690
39	372.990
40	372.470
4	374.610
12	374.330
13	374.320
19	374.460
26	374.100
36	373.760
38	374.870
6	376.250
7	375.320
10	375.890
14	376.130
15	376.310
16	375.990
20	376.060
22	376.220
24	375.260
28	375.840
29	376.100
30	376.480
31	375.130
32	375.790
35	375.500
37	375.910
1	377.400
5	377.750
11	377.840
21	376.920
27	377.820
3	378.490
8	379.060
9	378.800
23	378.770
25	378.960
33	379.090
39	378.940
40	378.490
2	380.050
13	380.090
17	380.030
18	380.050
19	379.910
26	379.760
34	379.520
36	379.940
38	380.630
4	381.430
6	382.060
7	381.210
12	381.020
15	381.550
22	382.490
24	381.830
29	382.280
32	381.950
35	381.220
1	383.880
5	383.060
10	383.230
11	383.390
14	382.960
16	382.810
20	382.800
21	383.200
27	383.360
28	382.610
30	383.040
31	382.570
37	382.510
3	384.160
9	385.090
23	385.230
25	384.790
26	385.500
39	385.180
40	384.970
2	386.260
8	385.620
13	385.890
15	386.510
17	385.720
18	385.940
19	386.420
33	385.990
36	386.330
4	387.860
5	388.430
6	387.770
7	387.310
12	387.920
16	388.440
20	388.430
24	387.530
28	388.460
32	387.900
34	387.230
35	388.150
37	388.050
38	387.080
10	388.860
11	389.090
14	389.090
21	388.820
22	389.070
27	389.510
29	389.190
31	388.760
1	390.010
3	390.180
17	391.070
23	391.340
30	390.730
39	390.480
2	392.190
9	392.480
13	391.990
18	392.320
19	391.690
25	391.790
33	392.110
34	392.670
36	392.600
40	391.940
4	393.740
5	393.900
6	394.050
7	393.730
8	393.280
12	394.400
15	393.260
24	393.310
26	393.060
32	393.340
37	393.820
38	393.460
10	394.670
11	394.820
14	395.480
16	395.280
21	394.820
22	395.930
27	395.920
28	395.240
31	394.690
35	394.560
1	396.510
3	396.760
17	397.010
20	396.560
29	397.040
30	396.790
39	397.070
2	397.760
9	397.780
18	398.690
19	398.260
23	397.720
25	398.930
34	397.850
40	397.760
4	400.200
5	399.030
6	399.950
7	399.320
8	399.770
12	400.410
13	399.040
15	399.260
24	399.160
26	399.250
33	399.700
35	400.320
36	399.850
38	400.290
11	400.840
14	401.860
16	400.870
21	400.630
27	401.930
28	400.950
31	400.560
32	400.980
37	400.600
1	402.530
9	403.210
10	402.130
17	402.700
20	402.650
22	402.960
23	403.230
29	403.050
30	403.200
34	402.850
39	402.710
2	404.760
3	403.510
12	404.720
13	404.670
18	404.970
19	404.200
40	404.250
5	406.130
7	405.240
8	405.050
15	405.170
24	405.630
25	405.650
26	405.600
33	406.340
35	406.380
36	405.160
37	406.280
38	406.410
4	407.150
6	408.000
11	407.270
16	407.200
21	407.570
28	406.900
31	406.690
32	407.700
9	408.780
10	408.340
14	408.460
17	408.650
20	408.060
22	408.750
23	409.250
27	408.030
29	409.160
30	409.000
1	409.650
2	410.870
3	409.550
8	410.920
12	410.790
13	410.490
19	410.180
25	410.990
34	409.550
39	410.150
40	410.190
5	412.430
7	411.310
15	411.630
18	411.030
24	411.130
26	411.660
35	412.220
36	411.210
6	413.760
20	413.020
21	413.880
27	413.300
28	413.370
31	412.720
33	412.970
37	412.990
38	413.990
3	415.360
4	414.520
9	415.170
10	414.510
11	414.470
14	414.900
16	414.680
17	415.200
29	414.660
30	414.470
32	414.040
1	415.920
2	417.000
7	416.980
12	416.750
13	416.340
19	415.920
22	415.550
23	415.950
34	415.990
39	416.480
40	416.880
8	418.490
15	418.410
18	418.260
24	418.020
25	417.280
26	417.230
31	418.450
35	418.130
36	417.020
37	418.500
5	418.700
11	419.770
20	419.630
21	419.780
27	418.540
28	418.970
33	419.180
3	421.130
6	420.610
10	420.950
16	421.370
19	421.500
29	420.360
30	420.700
32	420.630
38	420.190
1	421.900
9	421.640
12	422.960
13	423.000
14	422.240
17	421.760
22	422.100
23	422.380
26	422.690
36	422.640
40	421.830
2	423.540
4	423.120
7	424.120
25	423.540
34	423.060
5	425.580
8	424.560
11	425.220
15	424.550
18	424.560
21	425.820
24	424.820
27	424.750
29	425.970
31	425.470
33	425.280
35	424.560
37	424.800
39	424.620
6	426.290
10	426.740
17	427.210
20	426.740
23	426.780
28	426.190
30	426.720
38	426.680
40	427.290
1	428.210
3	428.330
9	428.500
12	428.970
13	428.990
14	428.450
16	427.970
19	427.650
32	428.510
36	428.560
2	429.970
4	429.920
7	430.150
15	430.280
18	430.470
22	429.070
25	430.040
34	430.230
6	431.760
8	430.620
11	432.000
21	431.630
24	431.080
26	430.660
35	431.200
37	431.080
39	430.700
5	432.080
19	432.430
27	432.240
28	433.160
29	432.620
30	432.940
31	432.220
33	432.070
38	432.770
1	434.390
9	433.960
10	434.120
12	434.960
13	434.570
17	433.530
20	433.700
23	434.390
36	434.360
40	434.010
3	435.680
4	435.880
14	435.070
16	435.010
22	435.260
32	435.660
2	436.510
7	436.850
8	436.560
18	436.710
19	437.600
21	437.540
24	436.750
25	436.730
26	437.540
27	436.930
31	437.970
33	437.360
34	436.980
35	437.810
39	436.600
5	438.170
6	439.100
11	438.300
15	438.920
20	439.100
29	439.360
37	438.310
38	439.030
1	440.580
3	440.800
10	440.650
13	440.740
14	440.700
17	440.280
23	440.960
28	440.120
30	440.530
40	439.970
9	441.110
12	441.630
16	441.320
18	442.470
22	442.180
36	442.000
2	442.890
4	443.090
5	443.620
7	442.880
8	443.140
11	443.580
19	443.790
24	443.020
25	442.560
27	443.180
31	443.580
32	442.720
33	443.970
39	442.720
6	445.070
15	444.210
21	444.740
29	445.180
34	444.600
35	444.070
37	445.180
1	446.770
14	447.000
17	446.520
20	445.530
23	446.130
26	446.090
38	446.620
40	446.100
3	447.250
9	447.940
10	447.550
12	447.340
13	447.180
16	447.680
18	448.120
22	448.130
28	447.040
30	447.760
32	448.490
36	447.860
2	449.180
4	449.340
5	449.970
7	449.430
11	449.280
19	449.650
24	449.680
27	449.910
31	449.710
35	449.790
8	450.220
15	450.450
25	450.100
29	450.480
33	450.630
34	450.570
39	450.610
1	452.620
6	451.820
17	452.030
20	452.430
21	452.110
23	452.970
37	451.860
38	452.940
40	452.230
3	453.460
9	453.500
10	453.800
12	453.800
13	453.970
14	454.120
16	454.370
26	453.040
28	453.110
30	453.960
36	454.160
2	455.450
4	455.320
5	455.750
7	455.200
11	455.440
18	454.650
22	454.670
24	455.380
29	455.890
31	455.330
32	454.580
35	454.620
8	457.190
15	456.130
19	456.600
25	456.130
27	456.140
33	457.440
34	456.970
39	456.090
6	457.570
9	458.220
17	458.690
20	458.670
21	458.020
23	458.560
37	458.430
40	458.070
1	459.130
3	459.940
10	460.300
12	459.510
13	459.760
18	460.040
26	459.160
28	459.560
30	460.150
36	460.430
38	459.360
7	460.830
14	460.740
16	460.550
22	460.620
24	460.620
25	461.440
27	460.600
31	461.040
32	461.110
35	460.640
2	462.360
4	462.540
5	462.120
8	462.860
11	462.270
15	462.400
19	462.220
21	463.490
29	462.300
34	462.800
39	462.110
6	463.650
9	464.220
20	464.720
23	464.900
40	464.820
12	465.010
13	465.760
14	465.650
17	465.870
18	466.320
26	465.750
28	465.400
30	465.540
33	465.590
35	466.340
37	465.430
38	466.220
1	467.120
3	467.000
4	467.980
10	466.540
16	466.570
19	467.590
22	466.670
24	466.560
25	467.810
27	466.720
31	466.780
36	467.060
2	468.380
5	468.330
7	468.540
8	469.140
15	468.850
29	468.540
32	468.050
34	468.200
39	468.140
6	470.080
9	470.340
11	469.840
20	470.470
21	469.720
40	470.740
10	472.120
12	471.170
14	471.860
23	471.890
26	471.560
28	471.580
30	471.830
37	471.930
38	471.730
1	473.390
3	473.740
13	473.030
16	473.450
17	473.170
18	473.110
22	472.640
24	472.890
25	472.880
27	473.240
31	472.860
32	473.400
33	472.990
35	472.840
36	472.960
2	474.060
4	475.080
5	474.990
7	474.780
15	475.120
19	474.090
29	474.790
34	474.440
39	474.690
6	476.390
8	476.820
9	476.770
21	475.790
37	476.760
40	476.210
10	478.220
11	477.430
12	477.530
20	477.110
22	477.800
23	478.270
26	478.090
28	477.980
30	478.020
38	477.350
1	479.540
3	479.420
13	478.960
14	478.960
17	479.300
18	479.890
24	479.380
25	479.740
29	479.540
31	478.900
32	479.780
33	479.900
35	479.800
36	479.180
4	480.580
5	481.010
7	480.720
16	480.240
19	480.870
27	480.620
34	480.980
2	481.570
6	482.570
8	482.700
9	482.760
11	482.770
15	482.050
20	482.800
21	482.460
37	481.830
39	482.100
40	482.030
12	483.670
14	484.460
23	484.440
26	484.270
28	484.380
38	483.080
1	485.450
10	484.670
17	485.510
22	485.590
24	485.180
29	485.290
30	484.830
31	484.770
32	485.910
35	485.730
36	484.790
3	486.960
4	487.340
5	486.970
13	486.090
16	486.490
18	486.830
19	487.000
25	486.360
33	486.350
34	486.330
39	487.330
2	488.330
6	488.960
7	487.870
11	488.720
15	488.700
27	488.430
37	487.650
40	487.720
8	489.310
9	489.060
14	490.390
20	490.090
21	490.270
28	490.000
30	490.400
38	489.250
1	491.070
10	491.710
12	490.600
19	491.620
23	491.210
24	491.170
26	491.090
31	491.640
33	491.720
34	491.810
36	491.440
3	492.690
5	493.500
13	493.320
16	492.460
17	492.260
18	493.310
22	492.650
25	493.240
29	492.030
32	492.190
35	492.320
2	494.660
4	493.550
6	494.620
7	494.170
37	493.730
39	494.180
40	493.920
8	495.290
9	495.030
11	495.340
15	495.910
20	496.100
27	496.050
28	495.770
30	495.950
1	496.730
10	497.590
12	497.940
16	497.740
21	497.220
23	497.500
24	497.800
26	497.880
36	497.870
38	496.790
3	498.870
4	499.390
13	499.320
14	498.370
17	498.290
18	498.510
19	498.860
29	498.800
31	498.990
33	498.210
34	498.480
37	498.620
2	500.220
5	499.930
6	499.940
7	500.460
9	500.560
22	499.580
25	499.880
32	500.050
35	499.630
39	499.900
40	500.290
8	501.850
11	501.990
15	501.970
27	502.100
28	502.240
10	502.730
12	503.440
18	503.690
20	502.530
21	503.300
23	503.710
24	503.560
26	503.180
30	503.590
33	503.540
38	503.000
1	504.010
3	504.760
4	504.960
5	505.430
13	505.470
14	505.210
16	504.280
17	504.200
19	504.470
25	505.340
29	504.350
34	505.280
36	504.190
37	504.500
2	505.760
6	506.010
7	506.610
9	506.690
22	506.220
31	505.940
32	506.490
35	505.750
39	506.240
40	506.030
24	508.460
27	507.380
1	509.330
8	508.830
10	508.650
11	508.790
12	508.780
15	509.690
17	509.890
20	509.870
21	509.600
23	509.890
26	509.200
30	509.580
36	509.420
3	511.430
5	511.480
13	511.430
14	511.350
18	510.770
19	510.350
25	510.560
28	510.390
29	511.070
33	510.150
34	510.690
37	510.410
38	510.310
2	511.510
4	512.270
6	512.240
7	512.100
16	511.630
22	512.160
27	512.970
31	512.130
32	512.140
35	512.580
39	512.100
40	512.880
9	513.240
10	513.770
12	514.370
24	514.490
1	514.680
8	515.460
11	515.870
17	515.870
20	515.770
21	515.990
23	515.250
26	515.410
30	515.510
33	515.760
36	515.310
3	517.180
7	517.440
13	516.560
15	517.170
16	517.030
18	516.620
19	516.160
25	517.300
28	516.700
34	516.740
37	516.860
2	517.770
4	518.120
5	517.890
14	518.970
22	518.580
29	518.270
31	517.960
32	518.110
35	518.860
38	517.800
39	518.810
6	519.600
9	519.810
10	519.740
24	520.050
27	519.570
40	519.300
1	521.040
8	521.370
11	521.530
12	520.710
19	521.410
21	521.890
23	521.310
26	521.310
30	521.480
33	521.990
36	521.720
4	523.470
7	523.400
13	522.320
16	523.240
17	522.660
20	522.320
22	523.490
25	523.350
28	522.390
34	523.280
37	522.450
2	524.530
3	523.850
5	524.110
15	523.830
18	523.870
29	524.030
31	524.440
32	524.240
35	524.820
38	524.520
40	524.960
6	525.720
10	525.740
14	526.190
24	526.070
27	525.500
39	525.990
1	526.780
8	527.390
9	527.140
11	527.690
12	527.110
13	527.790
19	527.720
23	527.470
26	527.470
28	527.950
30	527.810
37	527.710
4	529.330
7	529.220
16	528.910
17	528.550
21	528.740
25	529.270
33	528.140
34	529.290
36	528.100
2	530.270
3	530.030
5	530.100
15	530.200
18	530.830
20	529.880
22	529.730
29	529.780
32	529.840
35	530.490
1	531.970
12	532.220
24	531.940
31	531.040
38	531.160
40	531.170
6	532.510
9	533.360
10	532.810
13	533.260
14	532.810
19	533.840
23	533.960
26	533.650
27	532.940
30	533.630
36	533.410
39	533.300
8	535.370
11	534.370
17	534.340
21	535.240
25	534.940
28	534.690
33	535.060
37	535.120
3	536.250
4	536.350
5	535.820
7	536.150
15	536.540
16	536.010
20	536.000
22	535.590
32	536.640
34	535.810
1	538.390
2	537.820
18	537.150
24	538.250
29	537.040
31	537.920
35	537.520
38	537.730
40	538.010
6	538.750
9	539.620
12	538.520
13	539.880
26	539.610
27	539.430
30	539.560
36	538.700
8	541.220
10	540.100
11	540.450
14	540.060
17	540.660
19	540.640
21	541.180
23	540.330
25	540.850
28	540.620
33	541.500
39	540.770
3	541.590
5	542.530
15	542.380
16	542.550
20	542.240
22	541.510
29	542.710
34	542.320
37	541.670
1	543.590
2	543.260
4	543.050
7	543.320
18	544.420
32	543.310
35	543.460
12	544.830
14	545.630
24	545.580
27	544.860
31	544.660
36	545.310
38	545.330
40	544.900
3	547.190
6	546.060
9	546.460
10	546.490
11	546.780
13	546.850
17	547.370
23	547.130
25	547.420
26	546.820
28	546.780
30	546.420
39	546.780
1	548.950
5	548.950
8	548.110
15	549.000
16	547.960
19	547.980
21	548.000
22	548.530
29	547.520
33	548.200
34	548.760
37	548.700
2	549.260
4	549.010
7	550.310
12	550.290
20	549.020
32	549.850
36	550.440
40	550.170
11	551.940
14	551.850
18	550.590
24	551.000
27	550.690
31	550.980
35	550.600
38	551.030
3	552.680
6	552.740
9	552.860
10	552.740
13	553.170
23	553.030
26	553.260
28	553.040
30	553.010
33	553.010
39	552.540
2	554.950
4	554.910
16	554.360
17	553.520
19	554.350
21	554.660
22	553.810
25	553.620
29	553.600
34	554.810
1	555.530
5	555.140
8	555.020
12	555.620
15	555.050
20	555.960
36	555.730
37	555.410
38	556.190
7	556.530
18	557.310
24	556.830
27	556.680
31	557.200
35	556.760
3	559.050
6	559.410
10	558.730
11	559.110
13	558.430
14	558.140
23	558.990
25	558.980
30	559.380
32	558.230
33	558.830
39	559.380
40	558.440
2	560.700
4	560.910
8	560.590
9	560.760
17	559.990
19	559.900
20	560.920
21	560.600
22	560.630
26	560.100
28	560.100
29	559.950
1	561.590
5	561.620
12	561.880
15	561.780
16	561.330
24	562.160
34	561.570
35	562.320
36	561.490
37	562.230
7	562.930
18	563.720
23	563.870
27	563.290
38	562.880
40	563.860
3	565.140
6	565.090
10	565.260
11	565.340
13	564.540
14	564.360
25	564.870
29	565.420
31	564.150
32	564.430
2	566.670
4	566.800
19	566.190
21	565.650
26	565.960
28	566.010
30	565.970
33	566.880
39	565.520
8	567.280
9	567.500
12	567.300
16	567.670
17	567.280
20	567.890
22	568.100
24	567.980
34	567.760
35	567.750
36	567.710
37	567.260
1	569.260
5	569.130
7	568.940
14	569.960
15	568.650
18	569.810
23	569.350
27	569.060
31	569.770
38	569.060
40	569.420
3	571.170
6	570.870
10	571.370
13	570.490
25	570.750
32	570.390
2	572.070
11	571.780
19	572.560
20	572.810
21	571.760
26	571.530
28	571.530
29	572.090
30	572.520
36	572.740
39	571.580
4	573.370
8	573.080
9	574.020
12	574.140
16	573.630
17	573.810
24	574.290
33	573.850
34	573.980
35	573.300
37	573.120
38	573.900
1	574.910
5	575.560
6	575.980
7	574.710
18	575.490
22	574.670
23	575.240
27	575.620
40	575.330
3	577.300
10	576.980
13	576.460
14	576.810
15	576.250
21	576.960
25	577.120
26	577.480
31	576.570
32	576.630
2	577.510
11	577.920
19	578.910
20	578.740
28	577.620
30	577.810
33	578.840
36	578.980
37	578.880
39	577.680
4	579.110
7	580.150
8	579.630
9	580.150
16	579.520
17	580.010
24	580.220
29	579.090
35	579.250
38	580.250
1	581.060
5	580.800
12	580.920
18	581.710
22	581.610
27	581.860
34	580.680
40	581.940
2	582.990
6	582.290
10	583.350
13	582.630
14	582.620
23	582.090
26	583.160
31	583.170
3	584.720
4	584.360
8	584.980
11	584.810
15	583.570
19	585.000
20	583.560
21	584.720
25	583.670
28	583.720
29	584.250
30	583.740
32	583.950
33	583.640
39	584.130
1	586.160
7	585.780
9	586.470
16	586.040
24	586.420
35	585.190
36	585.450
37	585.450
5	586.690
6	587.060
12	587.750
14	587.860
17	587.030
22	587.100
34	586.820
38	586.770
10	588.210
13	588.310
18	588.060
23	589.040
26	589.050
27	588.070
33	589.170
40	588.760
2	589.730
3	590.440
4	590.230
8	590.790
19	590.670
20	589.880
28	590.360
30	590.910
31	589.890
32	590.070
35	590.980
39	590.540
7	591.310
9	591.790
11	591.040
15	591.800
21	591.640
25	591.510
29	591.110
37	591.490
1	592.930
5	592.530
6	593.480
16	592.920
17	593.730
22	593.500
24	592.860
34	593.710
36	592.800
38	592.950
10	595.030
12	594.300
13	595.250
14	594.760
18	594.050
23	594.930
27	594.360
33	595.210
40	595.210
2	596.610
3	596.110
4	596.380
15	596.940
19	596.950
20	595.590
25	596.880
26	595.570
29	596.850
31	596.540
32	596.150
35	596.970
39	596.190
1	598.460
5	598.370
7	597.100
8	597.710
9	598.180
21	597.370
28	597.400
30	597.030
37	597.310
6	599.220
11	598.850
16	599.120
17	599.940
22	600.000
24	598.570
36	599.150
38	599.890
12	600.920
13	600.850
14	600.140
18	601.450
20	601.460
23	601.490
27	600.410
31	601.460
34	600.290
2	601.650
3	602.800
4	602.320
10	601.610
19	602.490
26	601.970
28	602.860
33	602.100
39	602.140
40	601.930
1	604.440
5	604.490
7	603.840
8	603.820
15	603.110
25	604.400
29	603.480
30	603.340
35	603.830
37	604.460
6	605.040
9	604.770
11	605.770
21	605.030
24	604.910
32	604.720
36	605.000
38	605.940
2	606.830
12	606.970
13	606.630
14	606.490
16	606.140
18	606.850
20	606.960
22	606.370
27	607.260
34	606.180
3	608.750
4	608.510
10	608.650
17	608.090
19	607.700
23	607.610
26	608.220
30	608.280
31	608.360
33	607.980
39	608.080
40	608.270
24	610.120
25	609.840
28	609.990
29	609.630
37	609.860
1	610.690
5	610.940
7	610.720
8	610.790
9	611.040
11	611.990
15	610.970
21	611.480
35	611.530
36	610.740
38	611.880
2	612.720
6	612.170
12	613.060
13	613.000
16	613.020
18	612.730
20	612.410
22	612.460
26	613.050
32	613.430
34	612.100
4	614.470
10	614.510
14	614.190
17	614.680
19	614.670
23	613.610
27	614.080
30	614.270
31	614.590
39	613.830
3	615.340
24	615.310
25	615.620
28	616.030
33	615.520
37	615.910
40	615.060
1	617.630
5	616.580
8	617.300
9	616.520
15	617.140
26	617.930
29	617.010
35	617.330
38	617.500
2	618.450
6	618.550
7	618.230
11	618.920
20	619.040
21	618.020
22	618.840
32	619.180
34	618.300
36	618.760
4	620.540
12	620.010
13	619.760
16	620.300
17	620.100
18	619.680
27	620.360
30	620.320
31	620.730
39	619.820
10	621.150
14	621.570
19	622.420
23	621.560
24	621.860
25	621.130
28	622.180
33	621.680
37	622.200
40	622.020
3	623.150
5	623.780
8	623.830
9	622.870
15	623.550
29	622.700
35	622.750
38	623.660
1	624.510
2	624.720
6	624.390
7	624.200
12	625.470
22	624.180
26	624.220
32	625.310
34	624.680
36	624.340
4	626.530
11	625.980
13	625.670
16	626.840
17	625.840
18	626.020
20	626.290
21	625.760
27	626.150
30	626.530
39	625.730
10	628.290
14	628.040
23	627.090
25	627.740
28	628.470
31	628.300
33	627.570
37	628.270
3	628.690
6	629.990
9	628.880
15	629.180
24	629.040
29	629.120
35	628.660
38	629.930
40	628.890
1	630.650
2	630.330
5	631.320
7	631.210
8	630.710
17	631.170
19	630.270
22	631.320
34	630.030
36	630.510
4	631.850
11	631.920
12	632.780
13	632.840
18	631.960
21	632.200
27	632.240
30	632.300
32	631.690
39	631.580
10	634.070
16	634.330
20	633.310
23	633.810
25	633.280
31	633.460
33	634.130
3	634.800
6	635.790
9	635.380
14	634.650
15	635.160
24	635.660
26	634.760
28	634.690
29	635.830
35	634.720
37	634.720
1	636.230
2	636.060
5	637.130
8	637.130
19	636.020
34	637.160
36	636.640
38	636.240
40	636.120
4	638.510
7	637.800
11	638.570
13	638.550
17	637.740
18	638.860
21	638.100
22	637.670
27	638.650
30	638.350
32	638.550
39	638.480
9	640.080
10	639.640
12	639.600
14	640.220
16	640.190
20	639.260
23	639.790
25	639.310
31	640.060
2	641.630
3	641.310
15	640.870
24	641.420
26	641.740
28	640.550
29	641.870
33	641.240
35	640.590
37	641.100
1	642.590
6	642.400
19	642.600
38	643.340
40	643.260
5	643.640
7	644.140
8	643.840
10	644.510
11	644.480
13	644.300
17	643.810
18	644.550
21	644.540
22	644.520
32	643.760
34	644.070
36	644.000
39	644.840
4	645.150
12	645.750
14	645.190
16	645.610
20	646.080
23	645.210
25	645.390
27	645.130
30	645.610
2	647.830
3	647.540
6	647.910
9	646.520
15	647.380
24	646.600
28	647.040
29	647.950
31	646.610
33	646.950
35	647.390
1	648.910
5	648.880
17	649.410
19	648.740
26	648.570
32	649.250
37	648.200
40	649.390
7	649.930
8	650.000
10	650.630
11	649.870
13	650.700
21	650.800
22	649.980
34	650.070
36	650.320
38	650.380
4	652.300
12	652.160
14	651.760
16	652.080
18	651.460
20	651.800
23	651.870
25	652.330
27	651.790
30	652.060
39	651.550
2	652.900
6	653.780
9	652.950
15	652.770
24	653.100
28	653.600
31	652.870
33	653.250
35	652.660
1	654.170
5	655.170
17	654.530
19	655.200
26	654.010
29	654.890
32	654.310
37	654.460
40	654.400
3	655.600
7	655.850
8	655.900
11	655.580
13	655.920
18	656.590
21	656.950
22	655.870
34	656.490
36	656.430
38	656.640
2	657.580
4	658.160
10	657.050
14	657.230
15	658.240
23	657.640
27	657.970
30	657.710
39	657.600
6	659.830
12	658.580
16	659.970
20	658.550
24	659.820
25	658.830
28	659.560
31	658.660
35	659.920
1	660.300
3	660.650
9	660.810
13	661.200
17	660.120
19	661.060
22	661.260
26	660.220
29	660.750
32	660.980
33	660.520
37	661.370
40	660.590
5	662.170
7	662.160
8	662.850
11	661.610
14	662.920
18	661.790
34	662.800
36	661.870
2	663.550
4	664.340
10	663.660
12	664.470
21	663.010
30	663.330
38	663.430
39	663.270
1	665.510
15	665.060
16	665.580
20	665.270
23	664.660
24	665.350
25	665.020
27	664.570
28	664.710
31	665.220
35	665.400
40	665.660
3	666.410
6	666.450
13	667.140
17	666.720
19	667.450
22	667.170
26	666.350
29	667.460
33	666.700
36	667.220
5	668.210
7	668.820
9	667.590
11	667.980
14	668.870
18	668.190
21	668.290
32	668.490
37	667.520
2	669.050
10	669.580
15	670.190
28	670.140
30	670.210
34	669.580
38	669.530
39	670.070
1	671.620
4	670.530
8	670.570
12	671.720
20	671.350
23	670.640
24	671.640
25	671.550
27	671.580
31	671.520
35	670.970
40	671.800
3	673.190
6	673.210
13	672.830
16	672.050
17	673.400
22	673.370
29	672.580
33	673.270
36	673.010
37	673.440
5	674.400
7	674.860
9	673.830
11	674.460
19	673.890
21	674.850
26	674.110
32	674.770
2	675.910
4	676.030
14	675.680
15	675.220
18	675.340
30	675.800
34	675.320
38	675.860
39	675.520
1	677.390
8	676.860
10	677.330
12	677.500
23	676.940
24	677.650
25	677.510
27	677.700
28	677.240
35	677.820
13	678.840
16	678.160
22	679.470
29	679.140
31	679.470
36	679.050
40	678.610
3	680.230
6	679.990
9	679.690
11	680.960
14	680.870
15	680.900
17	680.190
19	679.660
20	680.500
21	679.860
26	680.180
33	679.890
37	680.560
2	682.280
5	681.020
7	681.170
18	681.960
30	682.050
32	681.240
34	681.060
38	682.410
39	682.340
4	683.520
8	683.980
12	683.700
16	683.920
24	683.750
25	683.280
27	683.700
28	683.350
35	682.790
1	684.910
10	684.840
22	684.800
23	684.130
29	685.490
40	684.570
3	686.090
5	686.680
6	686.730
9	686.850
11	686.380
13	685.820
14	686.870
15	686.410
17	686.030
19	686.630
20	686.350
21	686.020
26	686.050
31	686.620
33	686.270
36	686.360
2	687.890
7	687.040
18	688.080
30	687.960
32	687.990
34	687.460
37	687.460
39	688.400
8	689.150
12	689.890
16	689.880
22	689.680
24	689.020
25	688.510
27	689.210
28	689.440
35	689.940
38	688.800
1	691.040
4	690.020
10	690.940
23	690.070
31	691.420
40	690.610
3	691.760
11	692.980
13	692.450
15	691.660
20	692.590
21	693.000
26	691.820
29	692.710
33	692.140
2	694.130
5	693.230
6	694.270
7	693.600
9	693.610
14	693.390
17	693.100
18	694.200
19	693.980
30	693.450
32	694.240
34	694.350
36	693.740
37	693.290
8	694.930
12	695.920
24	695.630
25	694.880
27	695.360
28	695.610
38	694.620
39	695.700
1	696.400
4	696.230
10	696.870
16	696.340
22	696.080
23	696.580
26	697.150
31	697.120
35	696.350
40	696.790
3	698.030
5	698.540
15	698.070
21	698.960
29	698.610
2	699.680
7	700.000
11	700.270
13	699.490
14	699.050
17	699.410
19	699.820
20	699.350
32	700.410
33	699.110
36	700.330
37	699.150
6	700.550
8	700.520
9	700.530
12	701.670
18	700.520
22	701.550
24	701.090
25	701.900
27	701.320
30	700.960
34	701.190
35	701.910
38	701.520
4	702.130
10	702.910
16	702.940
23	702.050
26	702.690
28	702.150
31	703.000
39	702.740
40	702.970
1	703.960
3	704.730
14	704.650
15	703.780
21	704.150
29	704.260
2	706.210
5	705.350
6	705.900
7	705.760
11	706.330
17	705.180
20	706.030
33	705.670
36	706.170
37	706.350
8	707.660
9	707.010
12	707.450
13	706.970
18	706.750
19	707.980
22	707.870
24	707.090
25	707.850
30	707.060
32	707.400
4	708.520
16	708.630
23	708.080
26	708.490
27	708.590
28	709.350
31	708.060
34	708.890
35	709.310
38	708.360
39	708.850
40	709.030
1	710.080
3	710.360
5	710.570
10	709.510
15	710.000
17	710.940
21	710.940
29	709.830
6	711.140
7	711.670
14	712.340
24	712.080
33	712.230
36	711.460
2	712.630
4	713.730
9	713.080
11	712.960
13	712.640
18	712.640
20	712.930
23	713.510
26	713.910
30	713.170
32	714.000
37	713.180
38	713.770
8	714.040
10	715.270
12	714.010
16	714.650
19	714.010
22	715.100
25	714.110
27	714.370
31	714.650
34	714.400
35	715.020
1	716.880
3	716.260
17	716.460
21	716.930
28	715.710
29	716.060
39	716.140
40	715.980
5	717.100
6	717.880
7	717.970
15	717.150
20	718.210
24	718.320
36	717.650
2	719.970
4	719.670
8	719.800
9	719.300
11	719.070
14	718.510
18	718.770
23	718.850
25	719.900
26	719.470
33	719.160
37	718.760
38	719.900
10	721.150
12	720.030
13	720.260
16	721.290
17	721.230
19	721.030
22	721.390
27	720.100
30	720.710
31	720.940
32	720.040
34	720.780
35	721.380
1	722.910
3	722.570
6	722.990
15	722.750
28	721.650
29	722.170
39	722.880
40	721.820
5	724.080
18	723.900
20	724.290
21	723.240
24	723.540
7	725.450
8	725.610
9	724.740
14	724.530
23	725.380
26	725.500
27	725.800
32	725.840
36	724.670
2	726.130
4	726.050
11	726.220
12	727.110
13	726.210
25	726.160
30	726.390
31	727.180
33	726.420
34	726.650
37	726.110
38	726.340
1	728.710
3	728.820
6	728.730
10	728.410
16	728.480
17	728.310
19	728.070
22	727.770
28	728.100
29	727.860
35	728.300
40	728.030
9	729.940
15	729.980
18	730.360
21	729.470
24	729.700
39	729.290
4	731.180
5	731.450
8	730.900
14	730.770
20	730.650
27	731.330
32	731.920
36	730.910
37	731.700
2	733.070
7	732.930
11	733.210
12	732.940
23	732.770
25	732.510
26	732.780
30	732.240
33	732.350
34	732.670
38	732.470
1	734.760
3	734.780
6	734.330
13	733.510
16	734.860
19	734.140
22	734.860
28	734.300
29	734.150
31	733.580
35	734.510
40	733.710
4	736.310
9	736.450
10	735.320
15	736.240
17	735.170
21	735.850
24	735.560
39	735.470
14	736.600
18	736.800
20	736.880
27	737.500
36	736.740
37	736.990
2	738.810
5	738.630
7	739.120
8	738.160
12	738.370
23	738.150
26	739.490
30	738.860
32	738.020
33	739.210
34	739.140
38	738.440
1	740.730
10	740.710
11	739.770
13	739.910
16	739.850
17	739.760
19	740.010
25	739.530
28	740.600
29	739.990
31	740.770
35	740.790
40	740.600
3	741.670
6	741.320
9	742.390
15	741.710
20	742.190
21	741.400
24	741.120
36	742.300
37	742.340
39	742.450
4	742.850
7	743.900
14	742.760
18	742.820
22	742.620
27	742.780
32	743.620
5	745.430
8	744.150
12	744.570
23	744.380
25	745.490
26	745.170
29	745.260
30	744.710
33	745.120
34	744.900
38	745.230
1	746.500
2	745.660
6	746.860
11	746.430
16	746.620
17	746.620
19	746.220
21	746.720
28	745.980
3	747.300
9	747.700
10	748.080
13	747.200
14	748.200
15	747.460
20	748.100
22	748.280
24	747.020
31	747.290
35	747.950
36	748.140
39	747.550
40	747.960
4	748.760
7	749.050
8	749.580
18	749.580
27	749.470
37	748.860
12	750.450
23	751.030
26	750.430
32	750.270
33	751.130
38	751.330
1	752.040
2	752.880
5	751.620
11	752.380
16	752.080
17	751.560
25	752.210
28	752.630
29	751.920
30	751.730
34	752.170
3	753.680
6	753.110
9	754.450
13	754.020
15	754.080
19	753.350
20	754.440
21	753.440
22	754.200
24	753.750
31	753.590
35	754.400
36	754.240
39	754.450
40	754.010
4	754.990
7	755.170
14	755.480
18	756.000
27	755.790
32	755.940
37	755.410
1	756.780
10	756.160
12	756.370
16	757.220
23	756.880
26	756.430
33	756.600
5	757.830
8	758.370
11	758.410
17	757.830
25	758.890
28	758.950
29	758.590
30	758.520
38	757.580
2	759.760
3	759.570
6	760.030
19	759.260
21	759.630
22	760.060
31	759.570
34	759.610
40	760.110
4	760.810
7	761.750
9	761.000
13	761.440
15	761.780
18	761.470
20	761.330
24	760.830
27	761.730
32	761.850
35	761.020
36	760.540
37	761.160
39	760.890
12	762.410
14	762.040
16	763.480
23	762.770
26	763.270
33	762.140
1	763.720
5	764.790
8	764.220
10	763.820
17	764.100
29	764.810
38	763.830
2	765.790
3	765.350
11	765.120
19	765.540
21	766.500
22	765.560
25	765.110
28	765.700
30	765.770
31	765.240
34	766.230
35	766.430
40	765.480
4	766.590
6	767.290
13	767.140
14	767.640
15	767.980
20	767.920
23	767.800
24	767.160
36	766.950
37	767.060
39	767.530
9	768.310
12	768.210
18	768.450
26	768.520
27	768.200
32	768.350
33	768.650
1	770.230
5	770.720
7	769.840
8	770.000
10	769.850
16	770.170
22	770.790
31	770.400
38	769.700
3	771.520
4	771.650
11	771.590
17	771.350
19	772.200
21	772.320
25	772.170
28	771.380
29	772.060
30	771.200
34	772.090
40	772.260
2	773.160
14	773.490
15	773.730
24	773.190
35	773.370
36	772.670
39	774.000
6	774.510
8	774.920
9	774.600
12	774.520
13	774.030
18	774.080
20	774.360
23	774.250
26	774.900
27	774.260
32	775.120
33	774.580
37	774.160
1	776.300
7	776.770
10	776.620
16	775.860
38	776.840
3	778.340
4	778.010
5	777.250
11	777.680
17	778.220
19	778.030
21	778.320
22	777.290
25	778.320
28	777.720
29	777.880
30	777.650
31	777.380
36	778.280
2	779.660
6	779.920
13	779.910
14	779.510
15	779.400
24	779.510
34	778.860
40	779.250
8	781.310
9	781.020
12	780.180
16	781.180
18	780.800
20	780.040
23	780.150
26	780.780
27	780.940
32	781.020
33	781.140
35	780.410
37	780.900
39	780.130
22	782.620
28	782.820
1	783.430
4	783.720
5	784.500
7	783.040
10	783.640
11	783.440
19	784.300
21	784.230
24	784.340
29	784.400
30	783.650
31	783.400
38	783.180
3	784.670
6	785.380
12	785.930
13	785.390
14	785.780
15	785.650
17	785.650
25	784.600
34	784.990
35	785.690
36	784.680
40	785.310
2	786.490
8	787.220
9	786.910
16	786.820
20	786.620
23	786.010
26	786.910
27	787.140
32	786.880
33	787.280
37	786.270
39	786.470
1	788.750
7	788.870
10	788.740
11	788.110
18	788.620
4	789.920
21	790.470
22	789.230
28	789.290
30	789.090
31	789.930
38	789.170
3	791.770
5	790.880
6	791.230
13	791.230
15	791.830
17	791.350
19	790.790
24	790.750
25	791.540
29	790.930
34	790.760
35	791.480
36	790.770
40	790.850
2	792.190
8	792.200
12	792.200
16	792.140
20	793.200
23	792.320
26	793.470
1	794.000
7	794.420
9	794.000
11	793.750
14	793.620
27	793.710
30	794.940
32	793.590
33	794.010
37	793.670
39	793.810
4	796.190
10	795.190
18	795.390
19	796.430
24	795.670
28	795.770
31	796.310
38	795.400
3	797.960
6	797.440
8	796.980
13	797.420
17	797.820
21	797.850
22	796.720
29	796.910
34	797.790
35	797.070
36	797.080
40	797.410
5	798.260
12	798.660
15	798.610
16	798.760
23	798.490
25	799.200
33	799.460
37	798.610
39	799.310
1	800.060
2	800.140
7	799.660
9	799.820
11	800.220
14	801.000
18	800.830
20	800.310
26	800.630
27	799.990
32	799.790
38	800.860
4	802.360
10	801.420
28	801.940
29	801.420
30	801.280
3	803.300
6	803.740
8	803.070
19	803.590
21	803.410
22	803.520
24	802.990
31	802.750
34	803.960
35	803.140
37	803.930
40	802.800
5	805.030
13	804.330
16	804.420
17	804.950
23	804.440
33	804.650
36	804.100
39	805.310
1	806.830
2	805.630
7	806.210
9	805.710
10	807.000
11	806.240
12	806.420
15	806.330
20	806.900
25	806.060
26	806.060
27	806.680
29	806.400
32	805.940
38	806.700
14	807.820
18	807.040
28	808.030
30	807.530
31	808.420
40	808.210
3	809.770
4	809.500
6	809.750
8	809.250
24	809.770
35	809.270
37	809.820
5	810.690
13	810.420
16	811.350
17	811.160
19	810.040
21	810.240
22	810.380
23	810.770
25	811.410
33	811.260
34	810.330
36	810.270
2	812.070
7	812.240
9	812.700
11	812.310
12	812.480
18	812.940
20	812.770
26	812.270
27	812.790
29	812.050
30	812.810
32	811.760
38	812.880
39	811.810
1	813.170
10	813.470
15	813.310
28	813.290
3	815.260
4	815.080
8	814.700
14	815.130
22	815.680
24	816.000
31	814.700
35	815.310
40	815.490
5	817.090
6	816.060
13	817.130
19	817.270
21	816.420
23	816.600
25	817.180
32	817.080
33	817.220
34	816.170
36	817.440
37	816.660
2	818.430
7	818.510
11	818.990
12	818.220
16	818.470
17	817.670
18	818.210
20	818.550
26	818.610
29	818.800
39	818.730
1	820.020
8	820.330
9	819.190
10	819.560
15	819.540
27	819.560
28	819.790
30	820.310
38	820.240
3	821.080
4	821.530
6	821.840
14	821.290
21	821.570
22	821.620
31	820.630
35	821.600
40	821.270
5	823.300
13	822.620
19	823.340
23	823.490
24	822.810
32	822.870
33	823.040
34	822.140
36	823.390
37	822.180
2	824.830
11	824.770
12	824.370
17	823.750
18	824.500
20	824.770
25	824.090
26	824.910
29	823.720
1	825.350
7	826.430
8	826.040
10	825.910
16	825.640
27	825.250
28	825.850
30	825.860
38	826.130
39	825.020
4	827.800
9	826.590
14	827.440
15	827.850
21	826.880
31	827.100
40	827.160
3	828.030
5	829.120
6	828.830
13	828.500
17	829.500
19	828.470
22	828.540
24	829.070
32	828.270
33	829.250
34	828.820
35	829.200
37	829.310
2	830.690
11	830.690
12	830.990
23	830.080
25	830.500
26	830.300
29	830.050
1	831.180
7	832.060
10	832.370
16	832.430
18	831.400
20	831.540
21	832.460
27	831.650
36	831.970
38	831.220
39	831.320
3	833.760
8	832.640
9	833.860
28	833.200
30	832.800
31	833.990
40	832.920
4	835.070
5	834.700
13	834.700
14	835.500
15	834.120
17	835.490
19	834.290
22	835.060
26	835.490
32	834.200
34	835.320
35	834.920
37	834.730
1	836.970
2	836.840
6	836.670
11	836.650
12	836.620
23	836.110
24	835.650
29	836.340
33	836.830
39	836.780
7	837.440
18	837.340
21	837.670
25	837.640
27	837.800
38	837.790
40	838.410
3	838.930
5	839.910
8	838.530
10	838.660
16	839.170
20	838.980
28	838.700
30	839.430
36	839.980
9	841.480
14	841.130
15	841.110
19	840.420
22	840.620
31	841.020
32	840.460
33	841.400
34	841.340
35	841.150
37	841.060
1	842.110
2	842.910
4	841.880
6	842.870
12	842.870
13	841.890
17	841.520
18	842.950
23	842.110
24	841.840
25	842.880
26	841.690
29	842.600
3	844.130
7	843.360
11	844.150
21	843.430
27	843.870
28	844.220
30	844.220
39	843.520
8	844.760
10	845.580
16	845.040
38	844.870
40	844.800
5	846.190
17	847.410
19	846.160
20	846.050
22	847.450
31	846.440
32	846.980
34	847.300
35	846.980
36	846.410
1	848.640
2	848.530
7	848.780
9	848.150
12	847.780
13	848.830
14	848.120
15	848.310
23	848.120
24	848.230
25	848.270
26	847.920
37	848.420
3	849.220
6	849.270
18	849.640
21	850.160
28	850.490
29	849.560
30	850.140
33	849.750
39	850.030
4	850.760
5	851.750
8	850.920
10	850.920
11	851.400
16	851.690
27	850.730
38	851.740
40	850.780
7	853.370
17	853.230
19	852.250
20	852.720
22	852.870
31	852.500
32	853.120
34	853.210
35	853.390
1	854.280
2	854.280
6	854.940
9	854.420
12	854.470
14	854.470
15	854.170
23	854.540
36	853.930
37	853.540
3	856.300
13	855.060
18	856.180
21	856.070
24	855.100
25	855.480
26	855.100
33	855.020
4	857.670
5	857.880
10	856.510
11	857.150
16	857.750
27	857.540
28	856.650
29	856.920
30	856.600
38	857.670
39	856.620
40	856.550
2	859.280
8	858.290
19	858.200
22	858.910
31	859.260
1	861.000
7	859.620
9	860.010
12	860.490
14	859.590
17	860.120
20	859.860
23	860.810
24	860.760
26	860.620
32	859.830
33	860.820
34	859.600
36	859.630
37	860.360
6	861.050
13	861.070
15	861.260
18	862.050
21	862.190
25	862.120
35	861.550
39	862.410
3	862.740
10	862.740
11	863.540
28	862.690
29	862.800
30	863.700
40	862.510
2	864.960
4	864.420
5	864.270
7	865.270
8	864.230
9	865.350
16	864.240
19	865.440
22	864.220
27	864.370
34	864.850
38	864.170
12	865.630
14	865.850
20	865.680
24	866.970
31	866.790
32	866.040
36	866.360
37	866.560
1	867.440
6	867.620
13	867.620
15	867.210
17	867.910
18	868.270
23	867.270
26	867.820
33	867.880
35	867.910
40	868.150
3	868.660
5	869.670
10	868.580
11	869.570
21	868.560
22	869.640
25	869.040
28	869.160
29	869.960
39	869.850
4	870.190
8	870.420
12	871.040
20	871.190
27	870.240
30	870.150
34	870.750
38	870.320
2	871.590
7	871.900
9	871.560
14	872.150
16	871.710
19	871.790
32	872.260
37	872.560
1	873.330
6	873.320
13	873.080
15	873.610
17	874.290
18	874.110
21	874.270
23	873.560
24	873.750
31	873.290
33	873.210
35	873.590
36	874.060
40	873.790
3	874.870
5	875.650
10	875.040
11	875.930
22	875.970
25	875.330
26	875.100
27	875.640
29	875.380
39	875.540
4	876.420
8	876.160
12	877.060
20	877.390
28	876.520
30	877.290
38	876.460
2	877.720
7	878.870
9	878.290
13	878.840
15	878.820
16	878.960
32	877.990
34	877.510
37	878.630
1	879.490
6	879.020
14	879.100
17	880.230
19	879.020
21	880.370
23	880.130
24	879.590
26	880.370
31	880.010
33	879.370
35	880.240
40	879.690
3	881.120
5	881.780
10	880.570
18	880.900
22	881.100
29	881.140
36	880.560
39	881.820
2	883.050
4	882.790
8	883.180
11	882.650
12	882.580
20	883.330
25	882.440
27	882.160
30	882.940
34	883.490
38	883.150
9	884.470
13	884.130
15	883.790
28	883.540
32	884.750
1	885.310
6	886.030
7	885.820
14	885.180
16	886.290
17	885.110
19	885.180
21	886.460
23	885.810
24	885.680
31	885.250
33	885.770
35	886.230
37	885.370
40	886.410
3	887.450
10	887.030
26	887.550
29	886.880
36	886.560
39	886.860
2	888.290
5	888.040
11	889.050
12	888.190
13	888.830
18	888.640
22	888.120
25	888.530
27	888.980
28	889.300
30	888.670
38	888.780
4	889.650
15	890.740
17	890.670
19	890.940
20	889.520
24	890.790
32	889.920
34	889.570
1	891.840
6	892.070
7	892.300
8	891.510
9	891.520
14	891.180
16	892.500
21	892.500
31	891.610
33	892.030
35	891.730
37	891.440
5	893.950
29	892.620
36	892.730
39	893.890
40	893.120
2	894.640
3	895.360
10	894.500
11	895.260
12	894.070
13	895.020
18	894.930
22	894.370
23	894.150
25	894.980
26	894.020
27	894.790
28	895.410
30	895.360
32	895.360
34	894.640
38	894.690
4	895.840
20	896.170
24	896.380
1	897.200
6	898.460
7	898.480
8	898.300
14	897.290
15	897.700
17	897.440
29	898.050
31	897.330
33	897.260
37	897.700
9	898.540
16	899.670
19	898.530
21	899.420
23	899.360
26	899.730
35	899.240
36	899.570
39	899.850
40	898.680
2	900.890
4	901.080
5	900.030
10	901.330
11	900.560
12	900.510
18	900.570
22	900.080
25	900.550
27	901.290
30	901.030
38	900.550
1	902.970
3	901.970
15	902.920
24	902.860
28	901.510
32	901.600
34	901.720
7	904.100
9	903.920
13	903.230
14	903.240
17	903.980
20	903.910
31	903.810
37	904.300
6	904.550
8	905.310
16	905.610
19	905.470
21	905.340
22	905.960
26	905.740
29	904.640
33	904.620
35	904.710
36	905.070
40	904.810
2	906.450
5	906.460
10	907.440
11	906.930
23	907.310
25	907.140
27	907.000
32	906.880
39	906.540
1	907.820
3	908.270
12	907.680
15	908.950
18	907.510
28	907.510
30	907.680
34	908.030
38	908.050
4	909.260
9	909.790
13	910.130
14	909.650
17	909.910
20	910.490
24	910.250
31	909.520
33	910.360
6	910.590
7	910.550
8	911.550
16	910.730
21	911.360
22	911.860
26	911.620
29	911.340
35	911.180
36	910.940
37	911.260
39	911.640
1	913.250
2	912.800
10	913.060
11	913.130
12	913.500
19	912.470
23	913.380
27	913.160
28	912.930
32	912.880
40	912.500
3	914.530
5	913.980
15	914.730
18	914.050
25	914.270
38	913.940
4	915.920
6	916.130
9	915.400
13	915.570
14	916.040
24	915.640
30	915.050
31	916.370
33	915.830
34	915.030
7	916.610
8	917.540
16	917.230
17	916.880
20	917.600
21	917.120
22	917.360
29	916.910
35	917.400
36	917.150
37	917.270
2	918.580
12	919.490
19	919.210
23	919.130
26	918.210
27	918.940
28	918.860
32	919.400
39	918.620
40	918.740
1	919.760
3	920.070
5	920.420
10	919.680
11	919.820
18	920.540
38	920.390
4	922.100
9	921.810
13	921.750
14	921.780
15	921.280
24	921.700
25	921.260
30	921.610
33	922.310
34	921.540
6	923.140
7	922.580
16	923.720
17	923.610
20	923.160
21	923.280
22	923.830
29	923.010
31	923.140
35	923.010
36	922.660
37	923.470
2	925.090
3	925.050
8	924.060
10	925.430
11	925.360
12	924.420
19	925.090
23	924.950
26	924.940
27	925.440
28	925.090
39	925.360
40	924.380
1	926.510
5	926.380
18	926.110
32	925.910
4	928.000
13	927.580
15	927.560
24	927.970
30	927.260
34	928.010
38	927.140
6	928.960
7	929.180
8	929.990
9	929.890
14	929.200
17	929.940
20	928.720
21	929.970
23	929.890
25	929.520
29	928.510
31	929.520
33	928.760
35	929.900
36	928.990
37	928.990
40	929.280
3	930.600
10	930.150
11	931.440
12	931.020
16	930.880
19	930.750
22	930.900
26	930.160
27	931.370
32	931.300
1	932.920
2	931.540
18	932.150
28	931.730
39	931.520
4	933.140
5	933.180
6	934.380
13	933.400
15	933.070
20	934.240
24	934.050
29	934.260
30	934.380
34	933.820
38	933.570
7	934.540
9	935.460
10	935.590
14	935.070
17	935.680
25	934.960
31	935.560
33	935.330
35	935.760
36	934.560
40	934.710
3	936.590
8	937.200
12	937.370
16	937.240
19	937.100
21	937.410
22	936.970
23	936.150
26	936.210
27	937.210
32	937.490
37	936.160
1	938.440
2	938.520
4	938.200
5	938.740
11	937.990
18	937.910
28	937.570
38	938.720
39	938.760
13	939.550
15	940.140
20	939.710
24	939.160
29	939.580
33	940.500
34	939.690
40	940.240
6	940.880
7	941.090
9	941.720
10	941.540
14	940.860
17	941.280
23	941.990
25	940.560
30	941.170
36	941.760
3	943.290
12	943.000
16	943.090
19	943.010
22	943.360
26	942.110
27	943.150
28	943.260
31	942.580
35	942.300
1	944.440
2	943.820
4	944.390
5	944.780
8	943.930
11	943.870
18	945.000
21	944.480
24	944.440
32	944.530
37	943.650
38	944.100
39	944.640
13	945.240
14	945.970
15	946.430
20	945.320
29	945.020
34	946.040
40	945.950
6	947.340
9	947.640
17	947.880
25	946.890
30	947.430
33	946.740
36	947.940
3	949.330
7	948.580
8	949.480
10	948.970
12	949.190
19	949.240
22	949.450
23	948.300
26	948.220
28	949.070
31	948.370
35	948.820
1	950.350
2	949.680
4	950.630
5	949.920
11	949.800
16	950.040
20	950.920
24	949.890
27	949.960
29	950.850
32	950.170
37	949.920
38	949.980
13	951.040
14	952.080
15	952.000
18	952.030
21	951.100
39	951.160
40	951.670
9	952.770
17	953.040
25	952.680
26	953.600
33	952.520
34	952.520
36	953.610
6	954.040
8	954.850
12	955.500
19	954.890
23	954.690
28	955.290
30	954.050
31	954.850
35	955.290
38	955.110
1	956.160
2	956.580
3	956.450
5	956.550
7	955.590
10	955.810
11	956.310
16	955.720
20	956.460
21	956.570
22	956.220
24	955.770
27	956.620
29	956.770
32	956.020
37	956.000
40	956.800
4	957.160
13	957.600
14	957.170
15	958.060
39	958.260
9	959.100
17	958.980
18	959.340
25	959.210
26	959.160
33	958.860
34	959.120
36	959.610
6	961.350
7	961.410
16	961.050
19	960.250
23	960.820
30	960.110
31	960.740
32	960.960
35	961.490
38	960.720
1	962.020
2	962.500
3	962.960
5	962.770
8	961.520
10	961.960
11	962.100
12	961.910
15	962.920
20	962.800
21	961.960
22	962.150
24	962.000
28	961.520
29	962.950
37	962.240
4	963.310
14	963.580
27	964.200
33	964.250
39	963.760
40	963.880
9	964.640
13	965.780
17	964.640
18	965.660
25	965.500
26	965.690
34	964.770
38	965.990
8	967.490
16	966.890
19	966.780
23	966.690
30	966.110
31	966.860
32	967.260
35	967.020
36	966.130
37	967.020
1	968.980
2	968.200
5	968.560
6	968.090
7	968.100
10	967.590
11	967.910
12	968.810
21	968.200
22	967.650
24	968.630
28	967.630
29	968.470
3	969.610
4	970.290
14	969.680
15	969.160
17	969.990
20	969.110
34	970.490
9	970.930
13	971.100
18	971.400
25	971.410
27	970.920
30	971.440
33	971.540
36	971.800
39	970.620
40	971.210
6	973.460
10	973.350
16	973.250
19	973.380
22	972.900
26	972.170
31	973.380
35	972.650
37	973.150
38	972.580
2	974.380
7	974.850
8	974.260
11	973.870
12	974.860
15	974.600
21	973.960
23	974.300
28	973.700
32	974.100
1	975.020
3	976.000
5	975.810
9	976.220
14	976.390
18	976.280
24	976.060
25	975.990
29	975.130
4	977.980
13	977.850
17	976.660
20	976.690
27	977.300
30	977.680
33	976.920
34	976.710
39	977.240
40	977.970
6	979.150
11	978.750
19	978.920
22	978.660
26	978.300
35	978.660
36	978.950
38	978.640
2	979.850
7	980.740
8	980.020
10	980.330
12	980.730
15	979.940
16	979.730
21	980.870
23	980.880
28	979.720
31	979.680
32	980.690
37	979.580
1	981.490
9	981.840
14	982.390
17	982.490
18	982.080
24	982.480
25	981.880
29	981.050
3	982.620
5	983.540
11	983.840
13	982.840
20	983.710
27	983.840
30	983.020
33	983.500
34	982.930
40	983.110
4	984.530
6	985.100
16	985.290
19	984.550
26	984.690
35	984.100
38	984.370
39	984.310
2	986.430
7	986.110
8	986.310
9	986.940
10	986.830
15	986.060
21	986.920
22	986.710
28	986.530
31	986.660
32	986.040
36	985.760
37	986.070
1	987.250
12	987.240
14	988.330
18	987.900
23	987.480
25	988.270
29	987.200
3	988.560
11	989.030
13	989.370
17	988.910
20	989.940
24	989.330
30	989.310
40	989.910
4	991.160
5	990.040
6	990.510
16	990.860
26	991.060
27	990.390
33	990.040
34	990.280
35	990.090
38	991.240
2	991.570
7	991.630
10	992.350
15	992.670
19	992.220
21	992.900
22	992.900
32	992.720
36	992.180
37	992.200
39	991.770
1	993.750
3	994.170
8	993.460
9	993.110
12	994.100
18	993.030
23	993.900
25	994.480
28	994.340
29	994.000
31	993.810
11	994.950
14	995.610
17	994.650
20	995.910
24	995.050
40	995.910
5	996.110
6	996.990
7	997.460
13	996.110
16	997.090
26	997.170
27	996.370
30	996.520
33	996.840
35	996.410
2	997.820
4	998.040
9	998.590
15	998.240
19	998.650
21	998.640
32	998.890
34	997.790
38	997.600
39	997.820
1	999.170
10	999.620
11	999.880
18	999.080
22	999.160
23	999.570
25	999.740
31	999.400
36	999.120
37	999.080
