# NEST version: 3.9.0
# RecordingBackendASCII version: 2
sender	time_ms
483	20.350
91	22.270
147	21.560
3	22.860
75	22.740
99	22.720
123	23.050
187	23.640
307	22.690
363	22.860
411	22.900
443	22.800
499	22.590
467	74.960
67	76.730
147	77.660
171	76.720
331	121.650
227	123.740
27	125.890
235	125.820
283	125.200
363	125.530
371	125.780
491	125.360
267	127.260
475	126.750
427	208.270
3	210.610
67	210.200
307	210.680
35	212.160
59	211.780
243	211.840
379	211.940
451	212.310
51	213.440
83	261.710
75	297.260
363	298.190
483	297.010
491	297.680
435	298.930
419	340.990
139	343.040
227	343.140
3	382.080
51	381.800
211	381.400
331	381.880
35	383.300
475	383.420
347	431.620
395	431.650
35	433.330
59	433.470
99	434.290
123	434.420
227	434.110
299	434.630
315	433.540
435	434.760
259	487.220
299	487.040
387	487.290
11	488.330
99	489.450
211	489.250
3	551.240
147	551.260
243	552.410
291	552.560
3	583.030
163	583.450
323	584.940
427	626.890
467	629.300
107	630.910
139	630.580
211	631.510
451	631.760
219	675.690
347	675.080
419	677.380
147	713.500
451	725.930
35	757.470
227	759.740
371	759.860
91	760.520
299	760.610
163	804.690
83	805.850
139	807.230
251	807.170
75	842.710
147	843.390
187	844.330
203	843.830
227	844.120
299	843.910
315	843.370
323	844.190
371	843.950
403	843.790
435	844.470
475	843.320
19	844.790
35	844.800
411	844.710
419	844.750
483	844.800
203	906.700
403	906.530
331	907.910
147	909.830
259	909.160
411	910.070
155	950.600
3	952.670
267	953.100
451	953.560
459	952.720
363	955.510
131	998.110
