# NEST version: 3.9.0
# RecordingBackendASCII version: 2
sender	time_ms
49	21.730
297	22.020
361	21.670
369	22.170
401	22.430
441	21.810
25	22.540
33	22.770
65	22.800
137	22.790
185	22.770
241	22.770
433	22.720
105	75.210
441	75.610
25	77.920
225	121.510
193	123.220
153	125.830
233	125.660
257	124.970
345	125.460
417	124.730
281	175.170
41	176.100
49	175.630
65	208.330
129	209.980
169	208.630
89	210.050
497	211.380
337	212.260
33	257.100
337	258.890
441	260.990
457	260.600
321	293.850
41	294.540
225	295.220
233	295.480
249	294.200
337	294.620
209	296.300
257	296.990
25	298.800
65	342.960
313	342.970
465	343.250
257	378.760
105	379.800
265	380.870
17	382.140
273	382.330
337	381.780
433	382.190
41	382.780
113	432.180
129	433.330
489	433.030
9	433.920
25	434.500
97	434.390
177	434.170
233	433.990
417	434.520
433	433.610
441	433.930
81	435.010
249	486.570
273	486.860
281	488.130
297	487.960
441	488.290
497	488.600
57	489.370
81	489.400
105	489.670
233	489.350
449	489.370
177	553.290
89	584.250
265	630.740
313	631.040
185	632.980
97	680.820
185	679.620
97	716.450
425	719.960
121	759.990
177	759.710
25	761.730
425	760.510
209	841.730
9	844.320
17	843.730
25	843.210
65	843.990
73	844.330
89	844.210
121	843.490
161	844.280
201	843.860
233	844.370
265	844.320
321	844.010
345	843.290
369	843.710
441	844.250
449	843.480
169	844.720
249	844.690
489	844.840
209	904.280
25	905.910
273	908.390
417	908.840
65	909.520
113	952.030
137	952.950
169	953.860
281	953.640
345	953.870
105	954.690
41	995.870
337	994.860
385	994.950
81	997.050
129	996.300
473	996.800
