1.505100000000000193e+02
3.296999999999999886e+01
4.400000000000000000e+01
4.004999999999999716e+01
4.026000000000001933e+01
3.690999999999999659e+01
9.444000000000001194e+01
5.714999999999997726e+01
9.590000000000000568e+01
7.564999999999999147e+01
9.891999999999998749e+01
6.656000000000000227e+01
7.135999999999999943e+01
1.052800000000000011e+02
3.128000000000000114e+01
5.653000000000000114e+01
4.365000000000000568e+01
1.106200000000000045e+02
6.275000000000000000e+01
1.380699999999999932e+02
2.059300000000000068e+02
5.317000000000001592e+01
4.593999999999999773e+01
2.809000000000000341e+01
2.031399999999999864e+02
9.412000000000000455e+01
9.421000000000002217e+01
8.424000000000000909e+01
1.967700000000000102e+02
1.267300000000000040e+02
6.796999999999999886e+01
4.710999999999999943e+01
1.377800000000000011e+02
5.071999999999999886e+01
5.431000000000000227e+01
5.223000000000000398e+01
1.062999999999999972e+02
6.658000000000001251e+01
9.778000000000000114e+01
1.337500000000000000e+02
4.282999999999998408e+01
9.135000000000002274e+01
4.350000000000000000e+01
1.710000000000000000e+02
1.237599999999999909e+02
1.054900000000000091e+02
1.092600000000000051e+02
8.428999999999999204e+01
5.617000000000001592e+01
4.732999999999998408e+01
5.732000000000000028e+01
7.667999999999997840e+01
4.857999999999998408e+01
1.898800000000000239e+02
8.481000000000000227e+01
1.005200000000000102e+02
4.827000000000001023e+01
8.354999999999999716e+01
5.378999999999999204e+01
1.419300000000000068e+02
1.178699999999999903e+02
5.214000000000001478e+01
2.334000000000000341e+01
1.799699999999999989e+02
1.299900000000000091e+02
9.951000000000001933e+01
7.453999999999999204e+01
1.303199999999999932e+02
3.183999999999997499e+01
9.482000000000000739e+01
5.197999999999998977e+01
1.581600000000000250e+02
1.411600000000000250e+02
3.817999999999997840e+01
7.566000000000001080e+01
4.818999999999999773e+01
8.800000000000001421e+01
4.134999999999999432e+01
1.607300000000000182e+02
1.324100000000000250e+02
1.859399999999999977e+02
4.920000000000000284e+01
1.209900000000000091e+02
1.227000000000000171e+02
1.877100000000000080e+02
1.009900000000000091e+02
6.483000000000001251e+01
1.089599999999999937e+02
1.546000000000000796e+01
1.525800000000000125e+02
2.680000000000001137e+01
6.840000000000000568e+01
2.204000000000002046e+01
1.134699999999999989e+02
7.204999999999998295e+01
5.287000000000000455e+01
4.509999999999999432e+01
1.350500000000000114e+02
9.843000000000000682e+01
8.771999999999999886e+01
8.106000000000000227e+01
4.182999999999999829e+01
3.446000000000000796e+01
1.902999999999999829e+02
2.008000000000000114e+02
5.210999999999998522e+01
1.159200000000000017e+02
8.117000000000001592e+01
9.565000000000000568e+01
1.884099999999999966e+02
6.296000000000000796e+01
6.367000000000001592e+01
5.838999999999998636e+01
7.571000000000000796e+01
9.866000000000001080e+01
1.174599999999999937e+02
2.000600000000000023e+02
8.258999999999998920e+01
1.528799999999999955e+02
1.318799999999999955e+02
1.874000000000000057e+02
1.249800000000000040e+02
1.805999999999999943e+02
1.258299999999999983e+02
5.666999999999998749e+01
6.752000000000001023e+01
5.503999999999999204e+01
1.136600000000000108e+02
