7.321999999999999886e+01
6.164999999999999147e+01
8.048000000000001819e+01
8.284000000000000341e+01
1.281200000000000045e+02
4.286000000000000654e+01
1.207500000000000000e+02
7.636999999999999034e+01
6.970000000000001705e+01
1.929900000000000091e+02
9.721999999999999886e+01
8.657000000000000739e+01
1.082699999999999960e+02
3.510999999999998522e+01
7.896999999999998465e+01
2.065499999999999829e+02
1.144200000000000017e+02
5.067000000000000171e+01
4.494999999999998863e+01
6.152000000000001023e+01
1.356100000000000136e+02
3.883999999999999631e+01
1.467199999999999989e+02
5.492000000000001592e+01
1.025100000000000193e+02
3.554000000000000625e+01
1.408899999999999864e+02
1.591599999999999966e+02
3.097999999999999687e+01
7.653000000000000114e+01
6.719999999999998863e+01
3.677000000000001023e+01
1.568299999999999841e+02
4.788999999999998636e+01
5.993999999999999773e+01
9.837999999999999545e+01
8.549000000000000909e+01
1.657199999999999989e+02
4.110999999999998522e+01
1.285900000000000034e+02
1.157699999999999960e+02
6.920999999999999375e+01
1.321899999999999977e+02
1.309599999999999795e+02
6.331999999999999318e+01
2.671000000000000796e+01
6.496000000000000796e+01
9.814999999999999147e+01
1.080400000000000063e+02
7.493999999999999773e+01
1.179199999999999875e+02
5.678000000000000824e+01
1.576299999999999955e+02
8.934000000000000341e+01
4.948000000000001819e+01
5.616999999999998749e+01
5.851000000000001933e+01
3.625999999999999091e+01
3.169999999999998863e+01
5.892000000000000171e+01
3.466999999999998749e+01
4.828999999999999915e+01
6.173999999999999488e+01
5.389000000000000057e+01
5.529999999999998295e+01
2.939000000000001478e+01
1.239699999999999989e+02
8.990999999999998238e+01
4.653000000000000114e+01
4.547999999999998977e+01
8.978000000000001535e+01
3.353999999999999915e+01
9.371999999999999886e+01
5.281999999999999318e+01
1.079799999999999898e+02
5.046999999999999886e+01
6.226999999999999602e+01
9.523999999999998067e+01
4.905000000000001137e+01
4.768999999999999773e+01
5.974000000000000909e+01
4.140000000000000568e+01
1.116999999999999886e+02
8.863000000000000966e+01
1.004499999999999886e+02
3.519999999999999574e+01
1.780300000000000011e+02
1.312899999999999920e+02
7.440000000000000568e+01
1.294400000000000261e+02
8.228999999999999204e+01
9.394999999999998863e+01
4.867999999999997840e+01
1.302400000000000091e+02
6.749000000000000909e+01
1.175300000000000011e+02
1.831999999999999318e+01
8.028000000000000114e+01
1.489000000000000057e+02
9.272999999999998977e+01
6.042000000000000171e+01
8.926999999999998181e+01
3.843000000000000682e+01
1.066099999999999994e+02
1.464199999999999875e+02
6.690999999999999659e+01
8.795000000000000284e+01
3.300000000000000000e+01
1.493300000000000125e+02
1.349800000000000182e+02
3.668999999999999773e+01
2.927000000000001023e+01
