3.417999999999999972e+01
1.145300000000000011e+02
3.825000000000000000e+01
3.638999999999998636e+01
6.368999999999999773e+01
7.743999999999999773e+01
5.115000000000000568e+01
3.383000000000001251e+01
4.540000000000000568e+01
1.342100000000000080e+02
5.359000000000000341e+01
7.740000000000000568e+01
5.009999999999999432e+01
2.901999999999999602e+01
7.662999999999999545e+01
1.280300000000000011e+02
4.966000000000001080e+01
8.217999999999997840e+01
4.713000000000000966e+01
4.484000000000001762e+01
1.102899999999999920e+02
8.856000000000000227e+01
3.710000000000000853e+01
5.110000000000000853e+01
1.285600000000000023e+02
1.445699999999999932e+02
5.483000000000001251e+01
1.185100000000000051e+02
7.981999999999999318e+01
9.342000000000001592e+01
1.925099999999999909e+02
1.277499999999999858e+02
1.346599999999999966e+02
1.875400000000000205e+02
2.598000000000000398e+01
1.240000000000000000e+02
6.301000000000001933e+01
3.559999999999999432e+01
4.800000000000000000e+01
4.081000000000000227e+01
5.248999999999998067e+01
1.348700000000000045e+02
1.228699999999999903e+02
1.133500000000000085e+02
3.700000000000000000e+01
6.776999999999998181e+01
4.370000000000000284e+01
1.236799999999999926e+02
9.106000000000000227e+01
2.127000000000001023e+01
1.468700000000000045e+02
7.922999999999998977e+01
1.181800000000000210e+02
8.900999999999999091e+01
1.075199999999999960e+02
5.686000000000001364e+01
1.319399999999999977e+02
3.070000000000000284e+01
3.868999999999998352e+01
8.573000000000001819e+01
1.215000000000000000e+02
5.334999999999999432e+01
6.058000000000001251e+01
9.215000000000000568e+01
3.657999999999998408e+01
1.004499999999999886e+02
4.734999999999999432e+01
6.648999999999999488e+01
3.039000000000001478e+01
1.622399999999999807e+02
9.006000000000000227e+01
4.767999999999999972e+01
1.279599999999999937e+02
1.133900000000000148e+02
8.297999999999998977e+01
9.230000000000001137e+01
3.297000000000001307e+01
2.048300000000000125e+02
4.695000000000000284e+01
7.091999999999998749e+01
3.528999999999999204e+01
4.950000000000000000e+01
4.276999999999999602e+01
6.533000000000001251e+01
1.365999999999999943e+02
8.665000000000000568e+01
7.815000000000000568e+01
1.143599999999999852e+02
2.054399999999999977e+02
5.585000000000000853e+01
9.483999999999998920e+01
5.053000000000000114e+01
1.286400000000000148e+02
6.575000000000000000e+01
3.336000000000000654e+01
5.194000000000001194e+01
1.171099999999999852e+02
7.832999999999999829e+01
5.884999999999999432e+01
1.055200000000000102e+02
6.039000000000001478e+01
5.160999999999998522e+01
8.351999999999999602e+01
4.283000000000001251e+01
7.635000000000000853e+01
1.227200000000000131e+02
5.954000000000002046e+01
2.958999999999997499e+01
4.748000000000001819e+01
1.451900000000000261e+02
6.243000000000000682e+01
6.663999999999998636e+01
1.100300000000000011e+02
3.842000000000001592e+01
7.432000000000002160e+01
1.111699999999999875e+02
8.987000000000000455e+01
3.562999999999999545e+01
3.775000000000000000e+01
6.106000000000000227e+01
2.920999999999997954e+01
4.574999999999999289e+01
3.914000000000000057e+01
6.912000000000000455e+01
1.078500000000000227e+02
1.146599999999999966e+02
4.146000000000000796e+01
1.006500000000000057e+02
1.621999999999999886e+02
1.168099999999999881e+02
4.498000000000000398e+01
3.409000000000000341e+01
2.495000000000000284e+01
6.033000000000001251e+01
4.365000000000000568e+01
