3.676999999999999318e+02
3.762000000000000455e+01
3.289000000000000057e+01
2.894300000000000637e+02
1.416700000000000159e+02
2.864399999999999409e+02
2.390999999999999659e+02
3.012799999999999727e+02
4.756599999999999682e+02
4.094499999999999886e+02
5.450000000000000000e+01
1.456499999999999773e+02
3.786700000000000159e+02
5.008499999999999659e+02
4.950999999999999091e+01
2.273500000000000227e+02
7.572100000000000364e+02
1.438199999999999932e+02
5.882999999999998408e+01
8.427000000000001023e+01
6.074900000000000091e+02
6.111299999999999955e+02
5.749900000000000091e+02
2.901299999999999955e+02
4.672100000000000364e+02
9.402999999999997272e+01
1.107700000000000102e+02
6.448000000000000682e+02
5.112000000000000455e+01
5.174300000000000637e+02
5.012999999999999545e+01
2.328999999999999773e+02
6.827000000000000455e+02
9.972000000000002728e+01
7.404999999999999716e+01
6.005000000000001137e+01
2.803899999999999864e+02
5.253600000000000136e+02
1.335899999999999750e+02
4.974000000000000909e+01
1.864300000000000637e+02
1.393899999999999864e+02
4.723000000000001819e+01
4.258499999999999659e+02
6.076000000000001933e+01
3.737299999999999613e+02
5.768999999999999773e+01
1.212899999999999920e+02
6.153000000000000114e+01
1.330099999999999909e+02
1.313899999999999864e+02
2.375699999999999932e+02
3.771900000000000546e+02
9.796000000000003638e+01
1.820600000000000591e+02
4.926999999999998181e+01
7.179400000000000546e+02
6.462200000000000273e+02
1.201800000000000068e+02
2.396599999999999966e+02
2.364199999999999591e+02
4.712000000000000455e+01
2.314499999999999886e+02
9.047999999999996135e+01
1.413100000000000591e+02
8.810199999999999818e+02
3.268599999999999000e+02
1.877900000000000205e+02
8.031500000000000909e+02
5.965299999999999727e+02
5.073399999999999750e+02
1.441299999999999955e+02
4.261500000000000341e+02
1.876399999999999864e+02
3.389400000000000546e+02
1.376699999999999591e+02
5.662200000000000273e+02
1.725000000000000000e+02
3.642699999999999818e+02
1.413599999999999568e+02
2.660699999999999932e+02
1.412700000000000387e+02
1.818899999999999864e+02
3.719699999999999136e+02
2.296200000000000045e+02
1.866000000000000227e+02
4.748199999999999363e+02
2.820900000000000318e+02
1.776899999999999977e+02
4.198200000000000500e+02
2.389000000000000057e+02
2.368700000000000045e+02
1.232399999999999807e+02
5.239600000000000364e+02
7.399000000000000909e+01
5.040899999999999750e+02
3.758900000000001000e+02
1.211800000000000068e+02
5.950000000000000000e+01
1.313999999999999773e+02
5.266000000000001364e+02
1.578700000000000045e+02
1.191600000000000108e+02
1.467300000000000182e+02
1.434599999999999795e+02
9.303000000000002956e+01
1.939099999999999682e+02
1.434000000000000057e+02
2.873400000000000318e+02
3.761799999999999500e+02
5.669099999999999682e+02
9.231000000000000227e+01
1.463399999999999750e+02
4.907300000000000182e+02
1.532899999999999636e+02
6.238299999999999272e+02
1.431400000000000148e+02
2.429900000000000091e+02
5.774700000000000273e+02
3.833199999999999363e+02
2.637200000000000273e+02
6.127899999999999636e+02
3.425299999999999727e+02
1.348899999999999864e+02
3.210400000000000773e+02
2.729900000000000091e+02
4.710000000000002274e+01
1.198599999999999994e+02
6.121999999999999886e+01
6.960499999999999545e+02
8.048399999999999181e+02
2.874399999999999977e+02
1.793500000000000227e+02
5.174000000000000909e+01
5.067000000000007276e+01
3.302799999999999727e+02
4.891999999999995907e+01
3.313600000000000136e+02
2.315500000000000114e+02
3.800600000000000591e+02
7.474299999999999500e+02
5.720900000000000318e+02
1.825699999999999363e+02
8.174000000000000909e+01
1.458799999999999955e+02
3.326399999999999864e+02
1.805699999999999932e+02
1.448899999999999864e+02
3.752500000000000568e+02
1.016699999999999591e+02
2.267900000000000205e+02
1.438399999999999750e+02
2.270000000000000000e+02
2.848799999999999955e+02
2.402700000000000102e+02
4.157400000000000091e+02
3.430000000000000000e+02
7.479000000000000625e+01
4.720999999999992269e+01
2.404199999999999875e+02
4.872000000000002728e+01
9.051999999999992497e+01
1.433400000000000318e+02
2.345000000000000000e+02
3.244800000000000182e+02
5.444000000000005457e+01
7.564000000000000909e+02
1.455499999999999829e+02
3.292899999999999636e+02
3.811999999999999318e+02
1.213800000000000097e+02
7.168000000000000682e+02
2.787300000000000182e+02
4.519700000000000273e+02
2.838999999999998636e+01
2.437400000000000091e+02
4.638999999999998636e+01
4.676100000000000136e+02
5.719999999999998863e+01
7.152200000000000273e+02
4.758000000000004093e+01
4.856000000000000227e+01
1.396599999999999682e+02
1.437000000000000455e+02
2.338000000000000682e+02
3.829599999999999795e+02
4.182000000000005002e+01
9.897000000000002728e+01
1.807199999999999989e+02
1.408699999999999477e+02
3.256800000000000637e+02
5.343999999999994088e+01
3.256999999999999318e+02
8.370999999999997954e+01
4.558000000000004093e+01
2.405999999999999659e+02
2.876299999999999955e+02
8.781000000000005912e+01
6.236000000000001364e+01
1.789800000000000182e+02
1.038499999999999659e+02
5.062999999999999545e+01
5.756999999999999318e+01
1.854399999999999977e+02
1.888499999999999659e+02
4.095100000000000477e+02
6.197900000000000773e+02
5.154999999999995453e+01
4.790999999999996817e+01
4.296000000000000227e+02
1.819300000000000068e+02
2.292700000000000102e+02
2.321299999999999955e+02
1.190700000000000074e+02
4.765000000000000568e+02
8.809000000000003183e+01
7.556400000000001000e+02
3.825699999999999363e+02
5.180299999999999727e+02
6.101800000000000637e+02
1.811599999999999966e+02
6.219900000000000091e+02
1.455599999999999454e+02
4.915999999999999659e+01
7.567599999999999909e+02
5.985399999999999636e+02
3.873000000000001819e+01
1.196500000000000057e+02
3.887000000000000455e+01
3.195700000000000500e+02
3.269699999999999136e+02
6.621400000000001000e+02
4.286600000000000819e+02
4.288599999999999568e+02
4.852000000000009550e+01
3.959000000000003183e+01
1.195199999999999818e+02
6.515900000000000318e+02
6.591999999999999318e+02
4.070000000000004547e+01
1.448399999999999750e+02
5.386200000000000045e+02
7.500000000000000000e+01
3.718699999999999477e+02
2.408799999999999955e+02
7.408999999999998920e+01
4.749200000000000159e+02
8.774200000000000728e+02
1.432499999999999432e+02
9.412999999999999545e+01
3.305099999999999909e+02
4.806000000000000227e+01
3.435900000000000318e+02
2.809499999999999886e+02
5.902500000000000000e+02
6.121000000000000796e+01
7.558100000000000591e+02
5.925999999999999091e+01
3.776999999999999602e+01
3.577000000000001023e+01
2.399200000000000159e+02
5.169099999999999682e+02
6.069999999999998863e+01
3.608399999999999750e+02
4.381399999999999864e+02
8.570999999999997954e+01
2.382600000000000477e+02
1.417899999999999636e+02
9.199999999999998579e+01
1.803100000000000307e+02
5.169800000000000182e+02
4.891000000000000369e+01
1.347700000000000102e+02
4.875000000000000000e+01
5.432100000000000364e+02
5.512900000000000773e+02
4.635000000000000000e+02
8.460000000000002274e+01
3.417500000000000000e+02
2.293499999999999943e+02
6.012000000000000455e+01
4.294299999999999500e+02
6.190000000000000568e+01
5.142799999999999727e+02
5.755900000000000318e+02
1.403400000000000318e+02
1.424599999999999795e+02
3.916200000000000614e+02
4.625700000000000500e+02
2.871000000000000227e+02
6.472300000000000182e+02
2.361299999999999955e+02
8.776000000000000227e+02
5.971000000000000227e+02
1.810499999999999545e+02
5.950999999999999091e+01
7.931200000000000045e+02
4.880000000000001137e+01
4.822000000000002728e+01
2.317100000000000364e+02
1.352300000000000182e+02
9.776999999999998181e+01
1.882400000000000091e+02
1.168499999999999943e+02
1.215800000000000125e+02
5.243000000000006366e+01
1.419500000000000455e+02
1.316299999999999955e+02
9.782999999999992724e+01
6.009000000000000341e+01
4.629000000000000909e+02
7.572899999999999636e+02
5.243600000000000136e+02
3.806899999999999409e+02
9.259000000000003183e+01
6.131000000000000227e+01
8.584999999999999432e+01
6.103299999999999272e+02
4.767000000000000171e+01
7.418000000000000682e+01
2.886000000000000227e+02
9.125999999999999091e+01
3.733700000000000045e+02
6.831299999999999955e+02
1.239900000000000091e+02
6.289000000000001478e+01
6.965000000000000000e+02
1.435199999999999818e+02
1.455500000000000114e+02
2.854700000000000273e+02
7.571400000000001000e+02
2.356299999999999955e+02
2.803500000000000227e+02
1.095500000000000114e+02
1.098199999999999932e+02
3.681999999999999318e+02
4.913999999999998636e+01
6.940300000000000864e+02
2.322099999999999227e+02
8.581000000000000227e+01
6.613199999999999363e+02
5.170000000000000284e+01
2.401900000000000261e+02
5.173300000000000409e+02
2.414499999999999886e+02
4.823000000000001819e+01
1.417900000000000205e+02
3.757300000000000182e+02
1.307599999999999909e+02
4.315800000000000409e+02
1.439399999999999409e+02
1.826400000000001000e+02
3.626400000000000432e+02
3.933999999999991815e+01
4.800999999999999091e+01
1.882800000000000296e+02
3.489000000000000057e+01
6.112400000000000091e+02
1.232999999999999972e+02
3.806400000000000432e+02
6.931200000000000045e+02
1.342400000000000091e+02
1.456400000000000148e+02
1.972599999999999909e+02
4.161999999999999886e+02
5.615199999999999818e+02
1.446700000000000159e+02
1.448700000000000045e+02
1.316100000000000136e+02
2.839399999999999977e+02
1.775800000000000409e+02
1.936099999999999852e+02
2.407399999999999807e+02
5.318000000000000682e+01
1.362299999999999613e+02
1.335500000000000682e+02
7.459800000000000182e+02
4.123799999999999955e+02
5.987999999999999545e+01
3.636700000000000159e+02
5.248000000000001819e+01
4.613999999999999773e+02
3.957999999999999829e+01
1.903800000000000523e+02
1.413299999999999272e+02
4.778999999999996362e+01
5.238000000000005230e+01
4.853999999999996362e+01
1.461100000000000136e+02
1.313299999999999841e+02
1.428099999999999454e+02
4.630900000000000318e+02
3.746299999999999955e+02
2.319900000000000659e+02
2.848499999999999091e+02
2.854599999999999795e+02
1.926100000000000136e+02
4.781200000000000045e+02
2.199299999999999500e+02
1.805999999999999943e+02
6.939700000000000273e+02
2.394800000000000182e+02
6.152500000000000000e+02
2.410800000000000125e+02
5.150299999999999727e+02
4.767200000000000273e+02
2.830199999999999818e+02
3.747699999999999818e+02
5.049000000000000909e+01
2.162699999999999818e+02
1.470199999999999818e+02
5.634500000000000455e+02
9.678000000000002956e+01
9.915999999999996817e+01
2.344900000000000091e+02
2.802999999999999545e+02
4.592700000000000387e+02
4.526000000000000512e+01
3.151599999999999682e+02
5.665799999999999272e+02
2.804800000000000182e+02
1.342400000000000091e+02
4.304599999999999795e+02
3.268600000000000136e+02
1.422500000000000000e+02
6.409200000000000728e+02
2.388799999999999955e+02
7.225999999999999091e+01
7.562000000000000455e+02
1.420500000000000114e+02
9.450999999999999091e+01
1.201600000000000108e+02
6.404299999999999500e+02
4.258199999999999363e+02
1.442699999999999818e+02
2.656100000000000136e+02
1.287299999999999898e+02
3.815000000000000568e+02
3.821200000000000045e+02
2.846599999999999682e+02
