6.502999999999997272e+01
1.098600000000000136e+02
1.741599999999999682e+02
9.684000000000000341e+01
5.493299999999999272e+02
5.650000000000000000e+01
9.598000000000001819e+01
4.189999999999999147e+01
9.697000000000001307e+01
1.445200000000000102e+02
9.692000000000001592e+01
4.263199999999999932e+02
3.892599999999999909e+02
3.133899999999999864e+02
1.746599999999999682e+02
2.843500000000000227e+02
3.374399999999999977e+02
1.217200000000000273e+02
3.400199999999999818e+02
3.632799999999999727e+02
1.759499999999999318e+02
4.612400000000000091e+02
3.976999999999999602e+01
9.710999999999999943e+01
9.516000000000002501e+01
5.104900000000000091e+02
4.958600000000000136e+02
1.505199999999999818e+02
1.898200000000000216e+02
2.271199999999999477e+02
8.055000000000006821e+01
4.255000000000001137e+01
5.130000000000001137e+01
3.383199999999999932e+02
4.855000000000000000e+02
1.455199999999999818e+02
1.466700000000000159e+02
3.182300000000000750e+02
1.394699999999999989e+02
1.447600000000000477e+02
4.902900000000000205e+02
1.090900000000000318e+02
1.282500000000000000e+02
1.469500000000000455e+02
3.634799999999999613e+02
6.420000000000004547e+01
5.690999999999996817e+01
8.982000000000005002e+01
5.980999999999994543e+01
1.147200000000000273e+02
2.356400000000000148e+02
6.837999999999999545e+02
7.499099999999999682e+02
7.047999999999999545e+02
6.395000000000004547e+01
3.298000000000001819e+01
5.528000000000000114e+01
1.456500000000000057e+02
2.735199999999999818e+02
7.765999999999996817e+01
2.295600000000000591e+02
6.482799999999999727e+02
5.507200000000000273e+02
4.756700000000000728e+02
6.521599999999999682e+02
2.671500000000000909e+02
4.622300000000000182e+02
6.429999999999995453e+01
5.666000000000008185e+01
4.888199999999999363e+02
4.217000000000001592e+01
3.641199999999999477e+02
2.949800000000000182e+02
4.483000000000004093e+01
4.254600000000000364e+02
1.740199999999999818e+02
4.087899999999999636e+02
5.086899999999999977e+02
2.418100000000000023e+02
5.160000000000002274e+01
4.083799999999999955e+02
1.093999999999999773e+02
2.213700000000000045e+02
1.097400000000000091e+02
9.529000000000002046e+01
5.522100000000000364e+02
1.175700000000000500e+02
1.116000000000000227e+02
5.507000000000000455e+02
1.747999999999999545e+02
2.918400000000000318e+02
3.155100000000000477e+02
1.364200000000000159e+02
7.793499999999999091e+02
8.227999999999999545e+02
2.890600000000000023e+02
3.165400000000000205e+02
6.169000000000005457e+01
4.384000000000000341e+01
4.829000000000002046e+01
4.620600000000000023e+02
1.737599999999999909e+02
3.098800000000000523e+02
5.328999999999996362e+01
2.962699999999999818e+02
4.692400000000000659e+02
1.114199999999999591e+02
3.155699999999999932e+02
1.732799999999999727e+02
5.386600000000000819e+02
9.678000000000001535e+01
1.412100000000000080e+02
5.655000000000001137e+01
4.078899999999999864e+02
1.204600000000000364e+02
3.975000000000000000e+01
1.868200000000000500e+02
4.605300000000000296e+02
1.746100000000000136e+02
9.694999999999998863e+01
1.355000000000000568e+02
2.271599999999999682e+02
4.659399999999999977e+02
3.603999999999996362e+01
2.286700000000000728e+02
2.743199999999999932e+02
4.855499999999999545e+02
5.262000000000000455e+01
1.929399999999999977e+02
7.662100000000000364e+02
1.104399999999999409e+02
6.065000000000000568e+01
2.720699999999999932e+02
3.146700000000000159e+02
1.197300000000000182e+02
5.303000000000000114e+01
5.532699999999999818e+02
7.026200000000001182e+02
6.375999999999999091e+01
1.101799999999999500e+02
9.537999999999999545e+01
4.065000000000000000e+02
5.363999999999998636e+01
4.168999999999999773e+01
1.953799999999999955e+02
3.781300000000000523e+02
2.927699999999999818e+02
5.850000000000000000e+02
6.365800000000000409e+02
3.954999999999999716e+01
3.376899999999999977e+02
2.670800000000000409e+02
1.748999999999999773e+02
2.928600000000000136e+02
4.087100000000000364e+02
4.225000000000000000e+01
9.781000000000001648e+01
9.602000000000001023e+01
1.453899999999999864e+02
3.091799999999999500e+02
3.613099999999999454e+02
1.967000000000000171e+02
6.041499999999999773e+02
6.575000000000000000e+01
6.060699999999999363e+02
6.300000000000000000e+01
1.437099999999999795e+02
3.655699999999999932e+02
1.714100000000000819e+02
4.225000000000000000e+01
1.492100000000000080e+02
1.469099999999999682e+02
5.809000000000000909e+02
5.331000000000005912e+01
1.736800000000000637e+02
6.320000000000004547e+01
1.113700000000000045e+02
1.928100000000000023e+02
2.393100000000000023e+02
3.082699999999999818e+02
5.369000000000005457e+01
6.006999999999999318e+01
1.456400000000000148e+02
1.924399999999999693e+02
5.390099999999999909e+02
5.353000000000000114e+01
7.279600000000000364e+02
6.455399999999999636e+02
9.175600000000000591e+02
7.030399999999999636e+02
4.759999999999999432e+02
3.034700000000000273e+02
2.391100000000000136e+02
2.594100000000000250e+02
5.548000000000001819e+01
2.959099999999999682e+02
4.077500000000000568e+02
6.209000000000003183e+01
6.892900000000000773e+02
2.990500000000000114e+02
4.060199999999999818e+02
2.432899999999999920e+02
5.347000000000002728e+01
4.075300000000000296e+02
2.340300000000000296e+02
2.263700000000000045e+02
6.460000000000002274e+01
5.075000000000000000e+01
9.198999999999998067e+01
5.844300000000000637e+02
4.522199999999999704e+02
5.788999999999998636e+01
6.381000000000005912e+01
1.962500000000000000e+02
3.825399999999999636e+02
2.726200000000000045e+02
9.202999999999997272e+01
1.439399999999999977e+02
3.796899999999999977e+02
1.112000000000000455e+02
1.430100000000000193e+02
5.618999999999999773e+01
3.887000000000000455e+02
4.357500000000000568e+02
1.446500000000000341e+02
2.349300000000000068e+02
2.260099999999999909e+02
4.241000000000001080e+01
1.474199999999999875e+02
9.431999999999999318e+01
4.592099999999999795e+02
6.436000000000001364e+01
4.142000000000000171e+01
1.011899999999999977e+02
6.056300000000001091e+02
1.742699999999999818e+02
6.443999999999994088e+01
1.907599999999999909e+02
2.150200000000000387e+02
4.345900000000000318e+02
2.131299999999999955e+02
5.470000000000004547e+01
6.444999999999993179e+01
1.100099999999999909e+02
5.110200000000000387e+02
2.265200000000000955e+02
1.741899999999999409e+02
6.435299999999999727e+02
6.200000000000000000e+01
2.964599999999999795e+02
3.171899999999999977e+02
3.807100000000000364e+02
1.289700000000000273e+02
4.214000000000001478e+01
4.863299999999999841e+02
1.922400000000000091e+02
5.533400000000000318e+02
1.748799999999999955e+02
5.374700000000000273e+02
8.777699999999999818e+02
5.296999999999999886e+01
4.978900000000000432e+02
6.431800000000000637e+02
4.610899999999999750e+02
3.631599999999999682e+02
6.989900000000000091e+02
7.032200000000000273e+02
4.336000000000001364e+01
5.385599999999999454e+02
3.851500000000000341e+02
4.921999999999997044e+01
2.684599999999999795e+02
6.418000000000006366e+01
1.103700000000000045e+02
6.458999999999998920e+01
3.446000000000000796e+01
5.498099999999999454e+02
5.487999999999999545e+01
6.149400000000000546e+02
1.527500000000000000e+02
5.532500000000000000e+02
6.485500000000000682e+02
5.416999999999995907e+01
7.026000000000000227e+02
6.520999999999992269e+01
5.816000000000008185e+01
3.133900000000000432e+02
6.185700000000000500e+02
1.902400000000000091e+02
1.743899999999999864e+02
1.442599999999999909e+02
1.458600000000000136e+02
2.587800000000000296e+02
1.767099999999999227e+02
3.134700000000000273e+02
6.438999999999998636e+01
1.099800000000000182e+02
2.425300000000000011e+02
3.680899999999999750e+02
3.793000000000006366e+01
5.329999999999995453e+01
3.164499999999999886e+02
4.761800000000000637e+02
3.995799999999999272e+02
3.644600000000000364e+02
5.493700000000000045e+02
5.148600000000000136e+02
1.734500000000000455e+02
4.673699999999999477e+02
6.458000000000004093e+01
1.083199999999999363e+02
1.113799999999999955e+02
3.023000000000000398e+01
5.946999999999999886e+01
4.398000000000001819e+01
4.598400000000000318e+02
1.747699999999999818e+02
7.673900000000001000e+02
2.413099999999999739e+02
3.300300000000000296e+02
2.371800000000000068e+02
4.540000000000000000e+02
1.758099999999999454e+02
4.099999999999997158e+01
7.015500000000000682e+02
8.236100000000000136e+02
2.963100000000000591e+02
1.506100000000000136e+02
5.533999999999999773e+02
3.387599999999999909e+02
9.467000000000001592e+01
5.516499999999999773e+02
1.728199999999999363e+02
4.848999999999998067e+01
1.903600000000000136e+02
1.464199999999999591e+02
3.638200000000000500e+02
9.780000000000001137e+01
2.919200000000000159e+02
4.878500000000000227e+02
1.397899999999999920e+02
5.303999999999999204e+01
1.442800000000000296e+02
2.163199999999999932e+02
2.565499999999999545e+02
5.737999999999999545e+01
1.894399999999999409e+02
5.595000000000004547e+01
5.092000000000000455e+02
3.773999999999999773e+02
4.423599999999999568e+02
2.377900000000000205e+02
2.346499999999999204e+02
1.693100000000000591e+02
5.983000000000004093e+01
1.749900000000000091e+02
6.364999999999997726e+01
2.629900000000000091e+02
4.887599999999999909e+02
4.514000000000000057e+01
9.737000000000001876e+01
6.050300000000000864e+02
1.742500000000000000e+02
9.615000000000000568e+01
5.502500000000000000e+02
5.462000000000000455e+01
6.430000000000006821e+01
1.112500000000000000e+02
3.278999999999999204e+01
2.874300000000000068e+02
1.405199999999999818e+02
1.443900000000000148e+02
5.817400000000000091e+02
5.338999999999998636e+01
4.393000000000000682e+01
7.660800000000000409e+02
5.449000000000000909e+01
5.090000000000000568e+02
4.339999999999999147e+01
6.442100000000000364e+02
2.304199999999999591e+02
4.059700000000000841e+02
5.341999999999995907e+01
6.496000000000003638e+01
9.540000000000000568e+01
4.163000000000000114e+02
9.347000000000002728e+01
1.733299999999999272e+02
2.975000000000000000e+02
6.310000000000000853e+01
1.303700000000000045e+02
4.852999999999997272e+01
2.708600000000000136e+02
5.090000000000000568e+02
2.423300000000000409e+02
4.053899999999999864e+02
5.218999999999999773e+01
5.536599999999999682e+02
1.917500000000000000e+02
9.781999999999999318e+01
4.105400000000000205e+02
6.465999999999996817e+01
9.600000000000002842e+01
4.752999999999997272e+01
9.567000000000001592e+01
1.777399999999999523e+02
5.861100000000001273e+02
5.550999999999999091e+01
1.718999999999999773e+02
3.399100000000000250e+02
3.071100000000000136e+02
2.335399999999999636e+02
5.094600000000000364e+02
6.200000000000000000e+01
1.120199999999999818e+02
5.544300000000000637e+02
2.406200000000000045e+02
2.724300000000000637e+02
2.741299999999999955e+02
3.658899999999999864e+02
4.403000000000000114e+01
4.548200000000000500e+02
5.563999999999998636e+01
6.228999999999996362e+01
5.575000000000000000e+01
2.381200000000000045e+02
3.542400000000000091e+02
5.508000000000004093e+01
3.766600000000000819e+02
1.116599999999999682e+02
6.468899999999999864e+02
6.053200000000000500e+02
2.413200000000000216e+02
4.063900000000000432e+02
5.557999999999992724e+01
1.173400000000000318e+02
5.679999999999995453e+01
1.320099999999999909e+02
5.707000000000005002e+01
6.513999999999998636e+01
1.932799999999999727e+02
4.906000000000000227e+01
2.736500000000000341e+02
1.859400000000000546e+02
9.848000000000001819e+01
6.036900000000000546e+02
6.483999999999991815e+01
7.025900000000000318e+02
6.477999999999997272e+01
4.127000000000000313e+01
9.698000000000000398e+01
4.190500000000000114e+02
1.307000000000000455e+02
5.508999999999991815e+01
1.209300000000000637e+02
5.436000000000001364e+01
4.315000000000000000e+02
2.575299999999999727e+02
5.457000000000005002e+01
6.437999999999999545e+01
7.020000000000000000e+02
6.377000000000009550e+01
1.110799999999999272e+02
3.371900000000000546e+02
9.591999999999995907e+01
2.687900000000000205e+02
7.036299999999999955e+02
6.438999999999998636e+01
1.095700000000000500e+02
4.573000000000001819e+01
1.019599999999999795e+02
2.131200000000000614e+02
2.579499999999999318e+02
3.843000000000000114e+02
3.825000000000000000e+02
1.111000000000000227e+02
4.884500000000000455e+02
1.248000000000000682e+02
1.366200000000000045e+02
5.079100000000000250e+02
2.247100000000000364e+02
1.561799999999999500e+02
5.961000000000001364e+01
5.084000000000003183e+01
6.062200000000000273e+02
6.371999999999998465e+01
3.244000000000000341e+02
3.774799999999999613e+02
1.108799999999999955e+02
3.880099999999999909e+02
4.360100000000000477e+02
4.721000000000003638e+01
4.621999999999999886e+02
4.617400000000000091e+02
1.748099999999999454e+02
2.774200000000000728e+02
3.157299999999999613e+02
6.413999999999998636e+01
1.093900000000001000e+02
6.164999999999997726e+01
1.129100000000000819e+02
1.917299999999999613e+02
4.552599999999999909e+02
5.411000000000001364e+01
6.479000000000007731e+01
2.670300000000000296e+02
2.305700000000000500e+02
1.191200000000000045e+02
4.307999999999999829e+01
9.684000000000000341e+01
9.697999999999998977e+01
6.285500000000000682e+02
4.076000000000000227e+02
6.462999999999999545e+01
6.899600000000000364e+02
1.181899999999999409e+02
1.113200000000000500e+02
1.425100000000000193e+02
4.126100000000000136e+02
1.207400000000000091e+02
5.249100000000000819e+02
9.745000000000001705e+01
1.453199999999999932e+02
4.591700000000000159e+02
1.227400000000000091e+02
5.266999999999995907e+01
6.476399999999999864e+02
1.756599999999999682e+02
5.345000000000004547e+01
6.575000000000000000e+01
5.790000000000009095e+01
5.134999999999990905e+01
1.450700000000000216e+02
1.459099999999999682e+02
4.892400000000000091e+02
3.959200000000000159e+02
8.678000000000002956e+01
2.903299999999999272e+02
1.091700000000000728e+02
3.151499999999999773e+02
1.209800000000000182e+02
5.211000000000001364e+01
1.898400000000000318e+02
1.732699999999999818e+02
3.644400000000000546e+02
1.346299999999999955e+02
2.310699999999999363e+02
8.137600000000001046e+02
1.942700000000000387e+02
6.822000000000000455e+02
7.286800000000000637e+02
7.025800000000000409e+02
1.737999999999999545e+02
3.136000000000000796e+02
6.278999999999996362e+01
1.045900000000000034e+02
1.776200000000000045e+02
4.069499999999999886e+02
5.367000000000007276e+01
3.384699999999999704e+02
5.819400000000000546e+02
6.067500000000000000e+02
6.489999999999997726e+01
9.500000000000001421e+01
1.996399999999999864e+02
9.460000000000002274e+01
4.162000000000000455e+01
7.025000000000000000e+02
1.738700000000000045e+02
5.514600000000000364e+02
9.491999999999995907e+01
5.521000000000003638e+01
4.044599999999999795e+02
2.304700000000000273e+02
6.477599999999999909e+02
2.294500000000000455e+02
4.830000000000001137e+01
4.613900000000000432e+02
1.722599999999999909e+02
2.410700000000000216e+02
6.177400000000000091e+02
1.046900000000000546e+02
2.782599999999999909e+02
1.726300000000000523e+02
1.902799999999999727e+02
6.353999999999996362e+01
4.371999999999999886e+01
2.416299999999999955e+02
9.683999999999997499e+01
1.884900000000000091e+02
3.642000000000000455e+02
5.631000000000005912e+01
1.322100000000000364e+02
1.200299999999999727e+02
5.610000000000002274e+01
4.292999999999999545e+02
3.160699999999999932e+02
1.948700000000000045e+02
2.602200000000000273e+02
2.290499999999999545e+02
5.833700000000000045e+02
5.952999999999997272e+01
3.156400000000000432e+02
3.879000000000000341e+02
3.150300000000000296e+02
1.735699999999999363e+02
5.375999999999999091e+01
2.384099999999999966e+02
3.771000000000000227e+02
5.649000000000000909e+01
3.369799999999999613e+02
1.229700000000000273e+02
6.575999999999999091e+01
1.994299999999999784e+02
4.065600000000000591e+02
6.353999999999996362e+01
2.261700000000000159e+02
9.826999999999999602e+01
9.637000000000003297e+01
6.294800000000000182e+02
4.605200000000000387e+02
1.203999999999999773e+02
1.793099999999999454e+02
5.193999999999999773e+01
1.881299999999999955e+02
3.084300000000000637e+02
1.926599999999999966e+02
9.683000000000004093e+01
9.789999999999997726e+01
1.232299999999999613e+02
1.921700000000000728e+02
6.400999999999999091e+01
5.668999999999994088e+01
5.975999999999999091e+01
1.815900000000000034e+02
5.810399999999999636e+02
1.739299999999999500e+02
4.312300000000000182e+02
4.594999999999998863e+01
1.309099999999999682e+02
3.117699999999999818e+02
4.378999999999999915e+01
2.977100000000000364e+02
4.280000000000001137e+01
5.361600000000000819e+02
5.098100000000000023e+02
6.275000000000000000e+01
2.317099999999999795e+02
5.285499999999999545e+02
5.259000000000003183e+01
4.852600000000000477e+02
1.898600000000000421e+02
1.335099999999999909e+02
7.800199999999999818e+02
4.379300000000000068e+02
3.119800000000000182e+02
6.800000000000000000e+01
9.446999999999999886e+01
5.245099999999999909e+02
5.488400000000000318e+02
4.106000000000000227e+01
6.740099999999999909e+02
6.399600000000000364e+02
1.204600000000000364e+02
3.030199999999999818e+02
6.453899999999999864e+02
2.312000000000000455e+02
1.098500000000000227e+02
1.403600000000000136e+02
5.559600000000000364e+02
2.295199999999999818e+02
4.303999999999999204e+01
7.006900000000000546e+02
6.285000000000002274e+01
5.522500000000000000e+02
1.733400000000000318e+02
1.229900000000000091e+02
5.163999999999998636e+01
7.027200000000000273e+02
6.375000000000000000e+01
3.379300000000000068e+02
5.124000000000000909e+01
3.136199999999999477e+02
6.423000000000001819e+01
7.299200000000000728e+02
5.726999999999998181e+01
6.379999999999995453e+01
1.101300000000001091e+02
3.635099999999999909e+02
1.737999999999999545e+02
5.209999999999999432e+01
4.941499999999999773e+02
1.235900000000000318e+02
5.668999999999994088e+01
1.493700000000000045e+02
4.966900000000000546e+02
5.506999999999993634e+01
1.210600000000000591e+02
4.312599999999999909e+02
3.767299999999999613e+02
3.370200000000000387e+02
4.427299999999999613e+02
5.817800000000000864e+02
5.547999999999990450e+01
4.552900000000000205e+02
5.475000000000000000e+01
1.798900000000000148e+02
5.238599999999999000e+02
1.113900000000001000e+02
1.913400000000000034e+02
3.634699999999999704e+02
2.585799999999999841e+02
5.664000000000010004e+01
1.737399999999998954e+02
9.614999999999997726e+01
3.156399999999999864e+02
6.225999999999999091e+01
7.042599999999999909e+02
7.022400000000000091e+02
6.417000000000007276e+01
1.093999999999999773e+02
4.321599999999999682e+02
2.443799999999999955e+02
5.230599999999999454e+02
5.362999999999999545e+01
4.954100000000000250e+02
9.703999999999999204e+01
1.952600000000000477e+02
3.133899999999999864e+02
5.310999999999995680e+01
3.521899999999999977e+02
1.192699999999999818e+02
1.102000000000000455e+02
5.535499999999999545e+02
1.745000000000000000e+02
3.617599999999999909e+02
1.767000000000000455e+02
6.470099999999999909e+02
1.199900000000000091e+02
5.646999999999991360e+01
2.196200000000000045e+02
2.067000000000000455e+02
7.014399999999999409e+02
9.685999999999999943e+01
7.795399999999999636e+02
2.415300000000000011e+02
5.301999999999998181e+01
7.660199999999999818e+02
1.070800000000000409e+02
3.944999999999998863e+01
1.977500000000000000e+02
3.519300000000000637e+02
5.614999999999997726e+01
2.405300000000000296e+02
3.644099999999999682e+02
6.260000000000002274e+01
1.098799999999999955e+02
1.432300000000000182e+02
9.115999999999996817e+01
2.594900000000000659e+02
5.898000000000001819e+01
1.188999999999999773e+02
1.919600000000000364e+02
5.103799999999999955e+02
1.732799999999999727e+02
5.537599999999999909e+02
1.751700000000000728e+02
1.936300000000000239e+02
6.301900000000000546e+02
5.276999999999998181e+01
6.407999999999992724e+01
5.624000000000000909e+01
5.414000000000010004e+01
3.387000000000000455e+01
2.913400000000000318e+02
9.553000000000000114e+01
2.246599999999999682e+02
1.212000000000000455e+02
1.937500000000000284e+02
1.953899999999999864e+02
6.918900000000001000e+02
5.563999999999998636e+01
1.490799999999999841e+02
1.461799999999999784e+02
9.052000000000003865e+01
3.173700000000000045e+02
1.734600000000000364e+02
2.306400000000001000e+02
3.868999999999999773e+02
4.464999999999997726e+01
3.314500000000000455e+02
1.140299999999999727e+02
2.936200000000000045e+02
4.095500000000000114e+02
1.739600000000000364e+02
5.907000000000000739e+01
1.397200000000000273e+02
2.130199999999999250e+02
7.297000000000000455e+02
9.705999999999997385e+01
4.520099999999999909e+02
1.738100000000000591e+02
5.818900000000001000e+02
6.464400000000000546e+02
5.674000000000000909e+01
1.200599999999999454e+02
1.082400000000000091e+02
9.160000000000000853e+01
4.328000000000000114e+01
1.951700000000000159e+02
2.600300000000000296e+02
1.755999999999999091e+02
6.335000000000002274e+01
5.906000000000005912e+01
5.256999999999993634e+01
8.239299999999999500e+02
9.410000000000002274e+01
5.814800000000000182e+02
9.575000000000000000e+01
4.547300000000000182e+02
5.580999999999994543e+01
1.753400000000000318e+02
6.488799999999999955e+02
2.304600000000000364e+02
1.192799999999999727e+02
1.850600000000000023e+02
1.491800000000000068e+02
4.475999999999999091e+01
3.663000000000000114e+02
6.123000000000001819e+01
1.121200000000000045e+02
9.755000000000001137e+01
2.413400000000000034e+02
3.623700000000000614e+02
7.795399999999999636e+02
7.028700000000000045e+02
5.720000000000000284e+01
6.449300000000000637e+02
1.739500000000000455e+02
8.772699999999999818e+02
2.589799999999999613e+02
1.188000000000000682e+02
2.411800000000000068e+02
3.090300000000000296e+02
2.289399999999999409e+02
4.060799999999999841e+02
2.290500000000000682e+02
2.922899999999999636e+02
4.879699999999999704e+02
4.276899999999999977e+02
4.996000000000003638e+01
4.602800000000000296e+02
1.756899999999999409e+02
4.017400000000000091e+02
8.828000000000002956e+01
3.830999999999999659e+02
1.100300000000000864e+02
1.435699999999999932e+02
1.407700000000000102e+02
7.260499999999999545e+02
5.391000000000008185e+01
4.609399999999999409e+02
6.390000000000009095e+01
9.744000000000001194e+01
1.436899999999999693e+02
5.492000000000001592e+01
7.453500000000000227e+02
5.465000000000000000e+02
1.788199999999999932e+02
1.452900000000000205e+02
3.160400000000000205e+02
6.324000000000000909e+01
6.343600000000001273e+02
3.888799999999999955e+02
