1.756800000000000068e+02
1.877500000000000000e+02
1.714699999999999704e+02
1.691600000000000250e+02
3.178999999999996362e+01
3.696400000000001000e+02
2.187800000000000296e+02
7.970000000000001705e+01
5.526400000000001000e+02
3.651600000000000250e+02
1.863799999999999955e+02
4.100899999999999750e+02
2.726299999999999955e+02
4.104000000000000341e+02
4.598500000000000227e+02
1.776899999999999409e+02
8.307000000000005002e+01
1.255299999999999727e+02
1.065000000000000000e+02
1.915900000000000034e+02
6.325400000000000773e+02
4.615900000000000318e+02
3.633999999999999773e+02
2.288000000000000114e+02
1.266499999999999773e+02
2.601000000000000227e+02
1.072599999999999909e+02
2.693900000000000432e+02
4.163999999999999773e+02
8.295000000000004547e+01
5.538000000000000256e+01
2.208799999999999955e+02
1.356999999999999886e+02
3.272300000000000182e+02
8.148000000000001819e+01
6.269999999999993179e+01
3.255700000000000500e+02
3.060099999999999909e+02
4.610000000000000568e+02
1.104299999999999500e+02
3.553400000000000318e+02
1.529599999999999227e+02
3.096000000000000227e+02
5.187100000000000364e+02
3.969000000000005457e+01
2.343300000000000125e+02
1.020600000000000023e+02
7.188000000000000682e+02
1.711400000000000148e+02
5.002999999999997272e+01
3.241400000000000432e+02
8.733000000000004093e+01
4.122600000000000477e+02
3.251899999999999977e+02
8.437000000000000455e+01
4.101499999999999773e+02
5.411000000000000654e+01
4.682999999999999829e+01
2.216600000000000250e+02
3.600000000000000000e+01
1.064399999999999977e+02
1.184400000000000261e+02
8.824000000000000909e+01
6.130899999999999181e+02
3.201200000000000045e+02
9.056999999999999318e+01
5.541000000000002501e+01
1.879599999999999795e+02
1.671299999999999955e+02
3.582200000000000273e+02
4.107300000000000182e+02
5.551999999999998181e+01
9.531999999999999318e+01
4.767999999999994998e+01
1.539000000000000057e+02
2.943499999999999659e+02
1.683600000000000136e+02
1.659800000000000182e+02
2.413399999999999750e+02
1.685400000000000773e+02
6.156999999999993634e+01
8.535000000000002274e+01
2.216900000000000261e+02
3.594900000000000091e+02
5.286000000000001364e+01
2.429200000000000159e+02
6.034500000000000455e+02
1.891000000000000227e+02
1.855300000000000011e+02
1.346299999999999670e+02
5.010300000000000296e+02
6.552999999999997272e+01
4.507000000000000739e+01
8.959000000000000341e+01
2.774700000000000273e+02
1.334700000000000273e+02
1.860899999999999750e+02
1.283400000000000318e+02
4.194099999999999682e+02
5.513300000000000409e+02
4.204599999999999227e+02
7.182100000000000364e+02
1.418499999999999659e+02
3.214400000000000546e+02
2.745199999999999818e+02
5.454500000000000455e+02
6.368900000000001000e+02
3.597199999999999704e+02
5.209000000000003183e+01
5.538999999999998636e+01
4.169200000000000728e+02
2.774800000000000182e+02
6.014999999999997726e+01
1.730299999999999727e+02
8.381999999999999318e+01
5.242799999999999727e+02
5.439000000000004320e+01
5.076500000000000341e+02
5.441400000000001000e+02
7.188400000000000318e+02
4.619100000000000250e+02
3.587699999999999818e+02
1.538600000000000136e+02
4.081999999999999886e+02
1.055999999999999659e+02
6.166600000000000819e+02
3.741999999999999886e+02
2.599600000000000364e+02
4.126000000000000227e+02
1.990400000000000205e+02
3.621999999999999318e+02
7.382500000000000000e+02
4.687000000000000455e+01
2.206999999999999886e+02
8.850000000000000000e+01
5.627200000000000273e+02
4.626099999999999568e+02
1.077400000000000091e+02
3.547000000000000455e+02
2.464300000000000637e+02
3.562999999999999545e+01
2.052099999999999795e+02
8.075000000000000000e+01
2.123700000000000045e+02
4.115700000000000500e+02
5.515999999999996817e+01
8.214400000000000546e+02
3.045900000000000318e+02
1.098700000000000045e+02
4.650200000000000387e+02
4.104700000000000841e+02
1.360100000000000193e+02
3.388999999999998636e+01
5.491700000000000728e+02
1.091100000000000136e+02
9.108999999999997499e+01
4.627499999999999432e+02
5.198499999999999091e+02
5.573000000000001819e+01
3.202700000000000955e+02
5.462699999999999818e+02
1.698499999999999943e+02
3.771900000000000546e+02
5.585000000000000000e+02
2.632500000000000000e+02
8.350000000000000000e+01
4.113700000000000045e+02
5.893999999999999773e+01
3.197500000000000568e+02
1.874300000000000068e+02
2.780499999999999545e+02
3.569499999999999886e+02
5.787999999999999545e+01
2.341499999999999773e+02
3.070299999999999727e+02
5.639999999999997726e+01
2.714400000000000546e+02
4.705999999999994543e+01
2.233499999999999659e+02
5.629700000000000273e+02
4.120300000000000296e+02
9.578000000000002956e+01
1.408500000000000227e+02
2.569099999999999682e+02
1.074499999999999886e+02
6.593000000000000682e+01
2.890399999999999636e+02
4.092299999999999613e+02
3.232500000000000568e+02
3.754999999999995453e+01
1.076500000000000341e+02
9.301600000000000819e+02
2.875400000000000205e+02
1.766499999999999773e+02
4.180599999999999454e+02
8.353000000000008640e+01
3.587599999999999909e+02
4.778000000000002956e+01
4.632400000000000091e+02
5.379000000000000625e+01
1.340299999999999727e+02
4.600799999999999841e+02
6.821000000000003638e+01
4.792999999999999261e+01
2.574500000000000455e+02
2.946499999999999773e+02
5.609999999999999432e+01
4.736000000000000227e+02
1.622400000000000091e+02
1.298899999999999864e+02
6.644000000000005457e+01
8.335999999999999943e+01
3.558900000000000432e+02
1.088599999999999000e+02
3.560800000000000409e+02
5.704999999999995453e+01
7.832300000000000182e+02
9.839999999999997726e+01
5.289999999999999858e+01
4.127600000000000477e+02
1.408199999999999932e+02
5.953899999999999864e+02
1.726399999999999864e+02
3.621700000000000159e+02
3.565400000000000205e+02
1.729799999999999613e+02
2.892300000000000182e+02
1.715700000000000500e+02
5.641999999999995907e+01
5.679000000000002046e+01
2.153300000000000409e+02
8.270999999999992269e+01
5.235000000000000142e+01
4.128300000000000409e+02
3.553300000000000409e+02
2.212400000000000091e+02
3.105199999999999818e+02
4.106500000000000341e+02
5.544999999999998863e+01
3.531300000000000523e+02
6.360900000000000318e+02
1.091399999999999864e+02
5.607000000000000028e+01
1.324600000000000080e+02
6.338899999999999864e+02
2.578700000000000045e+02
1.056200000000000045e+02
5.450999999999999091e+01
8.602999999999997272e+01
2.026200000000000614e+02
2.588500000000000227e+02
1.527399999999998954e+02
1.191199999999999477e+02
2.064200000000000728e+02
2.566399999999999864e+02
5.728999999999999773e+02
4.047000000000002728e+01
5.617000000000001592e+01
4.644599999999999795e+02
1.014699999999999989e+02
7.193300000000000409e+02
1.097200000000000273e+02
4.586600000000000250e+02
6.102100000000000364e+02
4.663999999999998636e+01
2.204500000000000171e+02
8.206900000000000546e+02
2.185000000000000284e+02
1.944199999999999591e+02
8.699600000000000364e+02
5.827300000000000182e+02
6.501999999999998181e+01
8.738999999999998636e+01
4.658999999999999773e+02
4.619499999999999886e+02
6.287000000000000455e+01
1.068100000000000023e+02
2.716899999999999977e+02
8.235000000000002274e+01
2.524099999999999682e+02
4.360000000000002274e+01
3.194600000000000364e+02
5.454300000000000637e+02
6.254999999999995453e+01
3.653000000000000114e+02
1.418399999999999750e+02
1.078499999999999659e+02
1.422599999999999909e+02
5.546499999999999773e+02
8.417000000000007276e+01
9.351999999999998181e+01
5.687000000000000455e+01
4.116899999999999977e+02
3.718000000000000682e+01
6.312400000000000091e+02
2.946699999999999591e+02
5.387000000000000455e+01
1.737100000000000364e+02
2.193999999999999773e+02
9.097000000000002728e+01
3.256299999999999955e+02
8.437999999999999545e+01
1.862099999999999227e+02
1.661000000000000227e+02
8.489999999999997726e+01
1.893999999999999773e+02
4.202100000000000364e+02
9.461000000000001364e+01
1.189400000000000546e+02
1.530999999999999091e+02
5.253999999999999915e+01
2.220000000000000000e+02
5.459500000000000455e+02
1.698200000000000216e+02
1.385099999999999909e+02
5.536000000000001364e+01
3.550199999999999818e+02
4.616400000000000432e+02
4.543999999999994088e+01
3.607500000000000000e+02
3.417399999999999523e+02
3.628000000000008640e+01
4.962000000000000455e+01
3.782999999999999545e+02
8.357000000000005002e+01
3.405699999999999363e+02
4.795999999999997954e+01
1.443299999999999841e+02
3.558199999999999932e+02
1.216399999999999864e+02
6.549000000000000909e+01
8.725999999999999091e+01
4.103700000000000045e+02
5.053000000000000682e+02
1.883999999999999773e+02
2.800400000000000205e+02
2.350700000000000500e+02
3.410999999999989996e+01
8.501000000000010459e+01
1.518299999999999272e+02
1.923700000000000045e+02
3.581200000000000614e+02
9.272900000000000773e+02
7.168999999999999773e+02
1.111399999999999864e+02
1.720200000000000102e+02
8.176999999999998181e+01
4.219399999999999409e+02
3.059399999999999977e+02
5.231999999999999318e+01
1.719000000000000057e+02
3.325900000000000318e+02
3.252200000000000273e+02
2.188000000000000398e+02
2.450599999999999454e+02
8.442000000000007276e+01
2.498700000000000045e+02
2.135800000000000409e+02
5.500000000000000000e+01
8.258400000000000318e+02
5.405000000000000426e+01
5.333999999999999631e+01
3.587700000000000387e+02
1.162999999999999545e+02
1.687000000000000455e+02
8.213700000000000045e+02
6.246000000000003638e+01
3.202200000000000273e+02
3.572000000000002728e+01
1.045300000000000296e+02
4.215299999999999727e+02
8.206900000000000546e+02
1.259600000000000364e+02
3.634399999999999977e+02
3.129599999999999795e+02
4.655099999999999909e+02
1.075200000000000387e+02
2.373500000000000227e+02
1.872300000000000182e+02
2.791699999999999591e+02
3.544300000000000637e+02
1.350100000000000193e+02
1.297400000000000091e+02
8.258000000000004093e+01
3.092099999999999795e+02
5.515000000000003411e+01
5.004000000000002046e+01
4.659400000000000546e+02
4.113799999999999955e+02
5.450000000000000000e+01
5.241000000000002501e+01
2.735699999999999932e+02
8.329999999999995453e+01
2.355200000000000387e+02
2.307699999999999818e+02
6.381999999999999318e+01
4.451800000000000637e+02
7.413700000000000045e+02
1.739900000000000091e+02
1.900000000000000000e+02
6.003999999999996362e+01
2.108400000000000318e+02
6.156999999999999318e+01
5.487000000000000455e+01
1.879900000000000091e+02
3.621100000000000136e+02
1.882500000000000000e+02
2.785900000000000318e+02
8.662000000000000455e+01
2.880699999999999363e+02
4.098299999999999841e+02
4.104800000000000182e+02
2.279800000000000182e+02
4.183299999999999841e+02
8.198700000000000045e+02
5.501599999999999682e+02
2.592500000000000000e+02
3.536599999999999682e+02
3.272899999999999636e+02
8.519000000000005457e+01
1.500700000000000500e+02
2.125500000000000682e+02
8.656999999999999318e+01
4.309000000000003183e+01
2.602300000000000182e+02
5.260299999999999727e+02
4.321999999999991360e+01
8.183000000000004093e+01
5.599000000000000909e+01
8.831999999999999318e+01
1.697599999999999909e+02
6.118200000000000500e+02
4.662999999999999545e+01
3.573000000000001819e+01
8.716000000000002501e+01
6.130799999999999272e+02
1.877900000000000205e+02
8.667000000000001592e+01
4.193999999999999773e+01
5.897200000000000273e+02
4.839999999999997726e+01
4.990000000000000000e+02
3.350000000000000000e+01
3.096000000000000227e+02
5.512000000000000455e+01
7.178299999999999272e+02
1.105800000000000409e+02
4.792999999999999261e+01
8.746999999999999886e+01
1.740400000000000205e+02
5.504000000000002046e+01
3.555399999999999636e+02
2.434600000000000364e+02
8.513999999999998636e+01
1.353700000000000045e+02
4.102900000000000773e+02
3.208600000000000136e+02
2.718299999999999841e+02
3.549900000000000659e+02
4.654600000000000364e+02
2.710000000000000000e+02
8.427999999999997272e+01
3.570200000000000387e+02
1.483900000000000432e+02
2.602799999999999727e+02
1.074699999999999989e+02
2.168500000000000227e+02
3.308899999999999864e+02
1.338400000000000318e+02
1.026700000000000017e+02
1.726599999999999966e+02
6.573199999999999363e+02
7.188400000000000318e+02
1.035199999999999960e+02
3.628799999999999955e+02
9.587000000000000455e+01
8.521999999999997044e+01
5.484999999999999432e+01
4.783000000000001251e+01
3.646800000000000068e+02
2.340200000000000387e+02
8.215400000000000773e+02
4.669800000000000182e+02
1.435600000000000023e+02
2.115600000000000591e+02
6.340800000000000409e+02
8.409000000000003183e+01
4.673400000000000318e+02
8.094999999999993179e+01
5.275000000000000000e+01
5.090000000000000000e+02
2.194800000000000182e+02
1.444099999999999682e+02
4.660400000000000205e+02
1.899300000000000068e+02
1.696599999999999966e+02
4.629699999999999704e+02
4.112400000000000091e+02
4.102599999999999909e+02
4.905000000000001137e+01
8.478999999999999204e+01
2.786899999999999977e+02
1.839200000000000159e+02
1.697699999999999818e+02
2.731299999999999955e+02
4.669800000000000182e+02
6.955600000000000591e+02
8.224100000000000819e+02
3.104199999999999591e+02
2.263599999999999852e+02
5.559000000000003183e+01
1.384700000000000273e+02
4.590900000000000318e+02
2.848000000000000682e+02
1.719800000000000182e+02
4.740999999999996817e+01
6.332200000000000273e+02
1.054199999999999591e+02
6.274000000000000909e+01
5.363999999999998636e+01
3.551399999999999864e+02
1.527699999999999818e+02
9.050000000000001421e+01
5.335999999999998522e+01
8.218100000000000591e+02
6.536000000000001364e+01
4.481000000000005912e+01
1.680499999999999545e+02
1.099800000000000182e+02
8.302100000000000364e+02
3.097899999999999636e+02
4.743200000000000500e+02
3.548799999999999955e+02
3.363899999999999864e+02
1.673700000000000045e+02
3.612800000000000296e+02
4.118700000000000045e+02
4.084399999999999977e+02
8.978000000000002956e+01
2.241599999999999682e+02
4.174000000000000909e+01
1.095299999999999727e+02
2.342500000000000000e+02
4.026999999999998181e+01
4.054999999999995453e+01
2.370500000000000398e+02
3.264900000000000091e+02
2.571100000000000136e+02
4.186200000000000045e+02
4.109300000000000637e+02
5.652999999999997272e+01
3.539200000000000159e+02
4.622300000000000182e+02
3.594700000000000273e+02
5.142000000000001592e+01
1.358299999999999841e+02
4.097100000000000364e+02
2.711400000000000432e+02
4.747999999999996135e+01
1.213800000000000523e+02
5.193900000000001000e+02
5.524000000000000199e+01
4.126200000000000045e+02
3.547599999999999909e+02
4.692299999999999613e+02
5.379999999999999716e+01
1.853799999999999955e+02
1.729399999999999977e+02
5.436000000000001364e+01
3.559599999999999795e+02
2.222300000000000182e+02
1.910600000000000023e+02
9.253999999999996362e+01
2.621900000000000546e+02
1.534099999999999682e+02
1.350300000000000296e+02
3.374599999999999227e+02
2.947400000000000091e+02
1.073300000000000409e+02
3.560000000000000000e+02
1.522300000000000182e+02
8.179400000000000546e+02
3.612300000000000182e+02
4.212700000000000387e+02
3.541100000000000136e+02
1.487000000000000455e+02
4.194499999999999886e+02
9.417000000000007276e+01
2.276299999999999955e+02
6.982899999999999636e+02
8.715800000000000409e+02
3.622599999999999909e+02
3.549300000000000068e+02
1.428600000000000705e+02
1.875300000000000011e+02
7.413600000000000136e+02
1.903000000000000114e+02
4.750899999999999750e+02
4.737999999999999545e+01
5.543400000000000318e+02
1.317900000000000205e+02
5.682899999999999636e+02
2.710600000000000591e+02
1.521500000000000909e+02
8.289000000000001478e+01
2.566700000000000159e+02
4.599000000000000341e+02
2.338899999999999864e+02
6.055399999999999636e+02
2.767799999999999727e+02
8.210300000000000864e+02
5.457999999999998408e+01
1.896700000000000159e+02
1.644800000000000182e+02
2.766599999999999682e+02
5.477900000000000773e+02
1.700800000000000409e+02
3.660500000000000114e+02
3.543199999999999932e+02
5.077500000000000568e+02
7.012200000000000273e+02
5.210099999999999909e+02
4.118100000000000023e+02
3.063400000000000318e+02
1.518400000000000318e+02
2.608099999999999454e+02
1.070500000000000682e+02
1.723199999999999932e+02
4.278799999999999386e+02
4.011500000000000909e+02
6.089999999999997726e+01
2.094100000000000819e+02
8.577999999999997272e+01
1.214699999999999704e+02
4.618800000000000523e+02
1.523500000000000227e+02
2.772200000000000273e+02
1.919300000000000068e+02
