2.622700000000000387e+02
3.568200000000000500e+02
8.334000000000003183e+01
5.675999999999999091e+01
4.572800000000000864e+02
5.900500000000000682e+02
1.853799999999999955e+02
4.044699999999999704e+02
2.296700000000000728e+02
1.257999999999999545e+02
7.606499999999999773e+02
4.512599999999999909e+02
3.260000000000000000e+02
2.599799999999999613e+02
1.523300000000000125e+02
3.549900000000000091e+02
1.037400000000000091e+02
1.608700000000000045e+02
5.617000000000000455e+02
4.036300000000000523e+02
1.367500000000000000e+02
2.205499999999999545e+02
5.640999999999999091e+02
2.718199999999999932e+02
7.488999999999998636e+01
1.952800000000000864e+02
5.200999999999999091e+01
4.123900000000000432e+02
2.610699999999999363e+02
1.492200000000000273e+02
5.233000000000001251e+01
2.740099999999999909e+02
3.143300000000000409e+02
3.820600000000000023e+02
9.749000000000000909e+01
8.331999999999999318e+01
5.114000000000001478e+01
9.505000000000001137e+01
2.740399999999999636e+02
4.124300000000000637e+02
2.681299999999999386e+02
3.043800000000001091e+02
1.338199999999999932e+02
1.392299999999999898e+02
1.079900000000000091e+02
3.855999999999994543e+01
8.306000000000000227e+01
1.086599999999999682e+02
1.541899999999999977e+02
6.406500000000000909e+02
2.616200000000000045e+02
3.271499999999999773e+02
5.518999999999999773e+01
2.606000000000000227e+02
2.588700000000000045e+02
1.404700000000000273e+02
5.565999999999996817e+01
2.600400000000000205e+02
5.437000000000000455e+01
4.355000000000001137e+01
5.397000000000002728e+01
4.981799999999999500e+02
2.069200000000000728e+02
1.347300000000000182e+02
5.100999999999999091e+01
3.422300000000000182e+02
1.359100000000000250e+02
1.909500000000000171e+02
2.268799999999999386e+02
3.575999999999999091e+01
5.071000000000003638e+01
8.267999999999999261e+01
6.044700000000000273e+02
6.407000000000005002e+01
1.428199999999999363e+02
1.896399999999999295e+02
1.365800000000000125e+02
2.487500000000000284e+02
4.464899999999999523e+02
5.160000000000000853e+01
5.368900000000001000e+02
5.191999999999995907e+01
5.280000000000001137e+01
9.450299999999999727e+02
3.301899999999999977e+02
4.279200000000000728e+02
1.495699999999999363e+02
1.415700000000000216e+02
5.789299999999999500e+02
5.156300000000001091e+02
5.348399999999999181e+02
4.061800000000000637e+02
5.025000000000000000e+01
1.916999999999999886e+02
4.967500000000000568e+02
1.500900000000000318e+02
2.932700000000000387e+02
3.645899999999999181e+02
4.035900000000000318e+02
3.163799999999999955e+02
1.655600000000000591e+02
8.048400000000000318e+02
6.184700000000000273e+02
5.277999999999997272e+01
2.738100000000000023e+02
4.128600000000000705e+02
9.202999999999997272e+01
1.027800000000000296e+02
6.160599999999999454e+02
6.413900000000001000e+02
5.569999999999993179e+01
3.836200000000000045e+02
1.159900000000000091e+02
1.864000000000000057e+02
1.962400000000000091e+02
6.973400000000000318e+02
5.898600000000000136e+02
1.351700000000000159e+02
6.024300000000000637e+02
1.061300000000000239e+02
8.446999999999997044e+01
3.691300000000000523e+02
2.102799999999999727e+02
3.143899999999999864e+02
5.227699999999999818e+02
3.152500000000000000e+02
1.689900000000000091e+02
7.944000000000005457e+01
6.165099999999999909e+02
5.277999999999997272e+01
4.712099999999999795e+02
2.871500000000000341e+02
6.577500000000000000e+02
1.848199999999999932e+02
4.560299999999999727e+02
1.873000000000000682e+02
1.909499999999999886e+02
1.506499999999999773e+02
4.532300000000000750e+02
5.050999999999999091e+01
7.213200000000000500e+02
2.271399999999999864e+02
3.263800000000000523e+02
3.537199999999999136e+02
3.472900000000000205e+02
6.537699999999999818e+02
7.590099999999999909e+02
5.665999999999999659e+01
3.137200000000000273e+02
2.355900000000000034e+02
8.935000000000002274e+01
3.145000000000000000e+02
2.869399999999999977e+02
3.936000000000001364e+01
5.450000000000000000e+01
3.250300000000000296e+02
1.898599999999999568e+02
7.487000000000000455e+01
2.644200000000000159e+02
2.724099999999999682e+02
5.237400000000000091e+02
6.166600000000000819e+02
2.992699999999999818e+02
1.543800000000000523e+02
2.665199999999999818e+02
4.263999999999998636e+01
5.721999999999999886e+01
3.991300000000000523e+02
8.325000000000000000e+01
6.034099999999999682e+02
1.515300000000000296e+02
3.054099999999999682e+02
5.065099999999999909e+02
2.215400000000000773e+02
1.409900000000000375e+02
1.344099999999999966e+02
5.039000000000001478e+01
7.070000000000000284e+01
8.212999999999999545e+02
5.005000000000000000e+02
4.032500000000000000e+02
1.015500000000000114e+02
3.259900000000000091e+02
1.093999999999999773e+02
2.038000000000000114e+02
1.001399999999999864e+02
3.558000000000004093e+01
7.590399999999999636e+02
6.839800000000000182e+02
1.539099999999999966e+02
9.391000000000002501e+01
3.573600000000000136e+02
8.107699999999999818e+02
4.115499999999999545e+02
2.094900000000000091e+02
4.910000000000002274e+01
3.713999999999998636e+01
2.385599999999999454e+02
4.051999999999998181e+01
9.970000000000004547e+01
1.324000000000000057e+02
1.367899999999999920e+02
1.563500000000000227e+02
8.426999999999999602e+01
1.397299999999999898e+02
5.500999999999999091e+01
2.379200000000000159e+02
4.661499999999999773e+02
1.332300000000000182e+02
5.564999999999997726e+01
6.025599999999999454e+02
1.260099999999999909e+02
5.196200000000001182e+02
2.914299999999999500e+02
5.099999999999999432e+02
8.257999999999999829e+01
8.108800000000001091e+02
3.166399999999999864e+02
1.403000000000000114e+02
3.691400000000000432e+02
4.344999999999993179e+01
3.808399999999999750e+02
5.243000000000000682e+01
4.719399999999999977e+02
4.017800000000000296e+02
3.465800000000000409e+02
5.167999999999994998e+01
9.855000000000006821e+01
1.356999999999999886e+02
2.468200000000000216e+02
6.510900000000000318e+02
9.080000000000006821e+01
1.569199999999999591e+02
3.156200000000000614e+02
9.701999999999998181e+01
3.854999999999995453e+01
5.385000000000000853e+01
1.984099999999999966e+02
1.350500000000000114e+02
5.050999999999999091e+01
5.518100000000000591e+02
2.088099999999999454e+02
1.329700000000000273e+02
4.542599999999999909e+02
5.375100000000001046e+02
6.194100000000000819e+02
1.072899999999999920e+02
1.923199999999999932e+02
3.963100000000000591e+02
3.252799999999999727e+02
4.137100000000000364e+02
1.669400000000000546e+02
3.902999999999997272e+01
1.354499999999999886e+02
5.584000000000003183e+01
1.345600000000000023e+02
1.405999999999999943e+02
2.646700000000000159e+02
1.007500000000000000e+02
1.360199999999999818e+02
5.702000000000003865e+01
4.540799999999999841e+02
5.525000000000000000e+01
5.638700000000000045e+02
3.155200000000000387e+02
1.918900000000000148e+02
5.327599999999999909e+02
8.116900000000000546e+02
7.994999999999993179e+01
4.142000000000000455e+02
2.061899999999999409e+02
2.976899999999999977e+02
3.839999999999997726e+01
3.149200000000000728e+02
5.725000000000000000e+01
1.041700000000000017e+02
1.391200000000000045e+02
1.385299999999999727e+02
3.709400000000000546e+02
3.935399999999999636e+02
5.242000000000000171e+01
1.898899999999999864e+02
7.012300000000000182e+02
1.907799999999999727e+02
3.959099999999999682e+02
1.880800000000000409e+02
2.932999999999992724e+01
1.405599999999999739e+02
5.606000000000000227e+01
2.083600000000000136e+02
1.083300000000000409e+02
1.960199999999999818e+02
1.316699999999999591e+02
2.716400000000001000e+02
1.851500000000000057e+02
1.392500000000000000e+02
5.779000000000002046e+01
1.645600000000000023e+02
7.896000000000000796e+01
1.420999999999999943e+02
5.783999999999991815e+01
2.491700000000000728e+02
4.979000000000002046e+01
7.197200000000000273e+02
8.361000000000001364e+01
1.929300000000000068e+02
2.603699999999999477e+02
2.601100000000000705e+02
2.446200000000000045e+02
1.355200000000000102e+02
4.844999999999998863e+01
5.995900000000000318e+02
1.616200000000000045e+02
4.027699999999999818e+02
3.122600000000000477e+02
6.415900000000000318e+02
3.036399999999999864e+02
6.782000000000000455e+02
4.085000000000002274e+01
2.405000000000000000e+02
1.418399999999999750e+02
5.385000000000002274e+01
4.058999999999997499e+01
1.498000000000000114e+02
5.650000000000000000e+02
7.193299999999999272e+02
2.063299999999999841e+02
1.415500000000000114e+02
2.645299999999999727e+02
3.546399999999999864e+02
7.325199999999999818e+02
7.925000000000000000e+01
6.426999999999999318e+02
2.503600000000000136e+02
2.066100000000000136e+02
3.569199999999999591e+02
3.487000000000000455e+01
4.518799999999999955e+02
1.904800000000000182e+02
2.729999999999999432e+02
1.254100000000000819e+02
5.561000000000001364e+01
5.710499999999999545e+02
4.978000000000000114e+01
4.561499999999999773e+02
7.585600000000000591e+02
2.733799999999999955e+02
4.594699999999999704e+02
1.378600000000000136e+02
5.555000000000001137e+01
1.093500000000000227e+02
4.466999999999995907e+01
1.502500000000000000e+02
2.061100000000000136e+02
6.451000000000000227e+02
1.350199999999999818e+02
1.386299999999999955e+02
7.995199999999999818e+02
4.368000000000006366e+01
4.360100000000000477e+02
1.158099999999999454e+02
2.416399999999999864e+02
8.512000000000000455e+01
1.351399999999999864e+02
1.907700000000000102e+02
1.068700000000000045e+02
2.606399999999999864e+02
9.625000000000000000e+01
5.058200000000000500e+02
1.675600000000000023e+02
2.733600000000000136e+02
5.022900000000000205e+02
2.736399999999999864e+02
2.994300000000000068e+02
1.419899999999999807e+02
2.632900000000000773e+02
1.057599999999999625e+02
4.980400000000000205e+02
2.066999999999999318e+02
1.414199999999999875e+02
5.497000000000002728e+01
1.356400000000000148e+02
1.903899999999999864e+02
2.261399999999999864e+02
1.331899999999999977e+02
1.411400000000000148e+02
4.121900000000000546e+02
1.399500000000000171e+02
1.896800000000000068e+02
1.856399999999999864e+02
2.271399999999999864e+02
1.661499999999999773e+02
1.910100000000000193e+02
1.340600000000000023e+02
1.539500000000000171e+02
1.908799999999999955e+02
1.070800000000000409e+02
1.344299999999999500e+02
1.533000000000000114e+02
4.666299999999999955e+02
7.378500000000000227e+02
2.073600000000000136e+02
1.881800000000000637e+02
2.204900000000000091e+02
4.444499999999999886e+02
4.524300000000000068e+02
2.763300000000000409e+02
7.772100000000000364e+02
1.156100000000000136e+02
3.297100000000000364e+02
6.506899999999999409e+02
1.201900000000000546e+02
8.177000000000001023e+01
4.127199999999999704e+02
5.532599999999999909e+02
7.584900000000000091e+02
3.835099999999999909e+02
8.056999999999999318e+01
3.300400000000000205e+02
8.115000000000000000e+02
1.856599999999999966e+02
5.110600000000000591e+02
5.155000000000001137e+01
2.223899999999999864e+02
2.625699999999999932e+02
1.903099999999999739e+02
4.136500000000000341e+02
2.595099999999999909e+02
3.050000000000000000e+02
2.486500000000000341e+02
7.753999999999996362e+01
7.468000000000006366e+01
5.393999999999994088e+01
3.047100000000000364e+02
4.569199999999999591e+02
2.633000000000000682e+02
2.630300000000000296e+02
1.402800000000000296e+02
5.664999999999997726e+01
9.961999999999989086e+01
1.036399999999999864e+02
4.112999999999999545e+01
1.403900000000000148e+02
5.795800000000000409e+02
3.753999999999996362e+01
1.058100000000000307e+02
4.545600000000000023e+02
2.653200000000000500e+02
8.537999999999999545e+01
5.629000000000002046e+01
8.652199999999999136e+02
7.948000000000001819e+01
1.356999999999999886e+02
8.543999999999999773e+02
4.573399999999999750e+02
8.234000000000003183e+01
8.307000000000000739e+01
5.050000000000000000e+01
5.523900000000001000e+02
2.995099999999999909e+02
4.230900000000000318e+02
7.581000000000000227e+01
2.215400000000000205e+02
5.689999999999997726e+01
9.451299999999999955e+02
4.350399999999999636e+02
1.065900000000000318e+02
3.466999999999999886e+02
5.157000000000005002e+01
9.672999999999990450e+01
3.474499999999999886e+02
1.369800000000000182e+02
4.206399999999999864e+02
8.164000000000004320e+01
5.596999999999997044e+01
5.373000000000001819e+01
8.180999999999998806e+01
1.910499999999999829e+02
2.634399999999999977e+02
3.562599999999999909e+02
1.858400000000000318e+02
3.178099999999999454e+02
3.685000000000002274e+01
3.165200000000000387e+02
5.952999999999997272e+01
3.966700000000000728e+02
1.969399999999999693e+02
1.933399999999999750e+02
3.685000000000000000e+02
3.567000000000007276e+01
2.386899999999999409e+02
1.860800000000000125e+02
4.037200000000000273e+02
1.046999999999999318e+02
5.091000000000002501e+01
3.032100000000000364e+02
7.365699999999999363e+02
1.299800000000000182e+02
3.004099999999999682e+02
4.304200000000000159e+02
6.576700000000000728e+02
5.749700000000000273e+02
3.658500000000000227e+02
1.876899999999999409e+02
5.716999999999995907e+01
3.135300000000000296e+02
1.852199999999999989e+02
5.099300000000000068e+02
2.342800000000000011e+02
3.964999999999997726e+01
2.417400000000000091e+02
4.263999999999998636e+01
1.324499999999999318e+02
1.894799999999999898e+02
4.546599999999999682e+02
1.406600000000000250e+02
5.211299999999999955e+02
1.406799999999999784e+02
3.155700000000000500e+02
1.455199999999999818e+02
1.168799999999999955e+02
5.071999999999999318e+02
1.370300000000000011e+02
2.478500000000000227e+02
2.560500000000000114e+02
2.667500000000000000e+02
1.781399999999999864e+02
1.504500000000000171e+02
9.732999999999998408e+01
1.448799999999999955e+02
3.132600000000000477e+02
1.904599999999999795e+02
1.855700000000000216e+02
3.232300000000000182e+02
2.283400000000000318e+02
1.663099999999999454e+02
9.482900000000000773e+02
1.502199999999999989e+02
2.689199999999999591e+02
1.831500000000000909e+02
5.233699999999998909e+02
1.348500000000000227e+02
1.819900000000000091e+02
5.844299999999999500e+02
