1.183299999999999983e+02
2.354500000000000171e+02
1.793800000000000239e+02
3.432999999999999545e+02
2.050099999999999909e+02
1.495099999999999909e+02
1.012699999999999818e+02
3.059400000000000546e+02
2.960400000000000205e+02
2.258599999999999568e+02
2.998899999999999864e+02
1.672500000000000568e+02
5.618999999999994088e+01
5.590999999999996817e+01
2.977599999999999909e+02
6.776000000000004775e+01
1.565999999999999659e+02
1.205099999999999909e+02
1.681100000000000136e+02
2.622200000000000273e+02
2.983199999999999932e+02
2.246699999999999591e+02
3.205800000000000409e+02
4.054999999999999716e+01
5.770000000000000000e+02
5.913999999999998636e+01
5.556000000000000227e+01
5.210199999999999818e+02
2.074199999999999591e+02
1.371000000000000227e+02
3.055800000000000409e+02
2.989300000000000068e+02
2.978200000000000500e+02
1.687600000000000477e+02
3.629199999999999591e+02
4.912800000000000864e+02
2.021399999999999864e+02
5.521000000000000796e+01
1.324200000000000159e+02
1.656700000000000159e+02
2.253199999999999932e+02
5.542999999999994998e+01
1.691299999999999955e+02
5.638999999999998636e+01
2.050400000000000773e+02
1.023799999999999955e+02
7.307699999999999818e+02
1.018999999999999773e+02
5.633700000000000045e+02
2.618199999999999363e+02
1.023999999999999773e+02
5.678699999999998909e+02
1.005500000000000682e+02
5.788700000000000045e+02
4.464999999999997726e+01
6.068999999999998352e+01
4.050900000000000318e+02
5.758000000000004093e+01
1.547899999999999636e+02
4.312800000000000296e+02
1.018499999999999091e+02
5.765800000000000409e+02
2.517900000000000773e+02
2.985500000000000114e+02
4.300700000000000500e+02
1.021299999999999955e+02
2.345600000000000023e+02
4.769999999999998863e+01
6.040399999999999636e+02
7.342999999999999545e+02
5.212999999999999545e+01
2.614300000000000637e+02
9.938999999999998636e+01
4.266999999999995907e+01
2.880999999999999659e+02
1.671600000000000250e+02
5.807000000000005002e+01
5.431999999999993634e+01
1.508700000000000045e+02
1.016699999999999591e+02
5.698999999999999488e+01
2.969900000000000091e+02
3.298500000000000227e+02
4.662500000000000568e+02
2.101799999999999500e+02
1.534800000000000182e+02
1.609399999999999409e+02
5.169000000000005457e+01
1.516399999999999864e+02
1.321600000000000250e+02
5.700999999999999801e+01
2.245199999999999818e+02
2.982500000000000000e+02
3.801700000000000159e+02
2.244999999999999432e+02
1.561800000000000637e+02
5.079999999999995453e+01
1.014200000000000728e+02
2.345500000000000114e+02
1.170099999999999909e+02
1.688099999999999454e+02
5.687000000000000455e+01
5.221399999999999864e+02
1.540000000000000000e+02
3.933400000000000318e+02
2.974600000000000364e+02
2.232500000000000000e+02
5.498000000000001819e+01
5.087000000000000455e+01
2.985399999999999636e+02
2.784800000000000750e+02
1.335300000000000011e+02
2.248000000000000114e+02
1.042100000000000364e+02
4.587999999999999545e+01
1.572999999999999545e+02
8.851000000000000227e+02
2.260499999999999545e+02
5.737000000000000455e+01
5.196599999999999682e+02
5.661000000000001364e+01
5.790099999999999909e+02
2.048600000000000136e+02
1.142700000000000387e+02
1.723000000000000114e+02
3.610699999999999363e+02
2.773299999999999841e+02
2.541100000000000136e+02
5.090000000000009095e+01
1.675799999999999841e+02
6.638800000000001091e+02
4.638200000000000500e+02
3.641000000000000227e+02
3.566499999999999773e+02
4.297400000000000091e+02
5.930999999999994543e+01
6.159999999999999432e+01
2.368800000000000239e+02
2.233799999999999386e+02
4.843900000000000432e+02
2.497199999999999136e+02
4.486700000000000728e+02
1.007999999999999545e+02
1.017899999999999636e+02
5.221000000000000227e+02
5.120000000000004547e+01
2.557099999999999227e+02
2.728700000000000614e+02
2.981599999999999682e+02
3.287299999999999613e+02
5.013000000000010914e+01
5.117999999999994998e+01
7.272699999999999818e+02
2.973300000000000409e+02
1.689700000000000273e+02
4.097900000000000205e+02
1.524900000000000091e+02
1.677299999999999613e+02
2.114800000000000182e+02
1.521200000000000045e+02
3.065500000000000682e+02
2.980900000000000318e+02
3.797000000000000455e+02
5.138999999999998636e+01
5.790999999999996817e+01
3.781700000000000159e+02
3.293400000000000318e+02
6.571000000000003638e+01
1.143400000000000318e+02
1.500000000000000000e+02
3.543600000000000136e+02
1.692500000000000568e+02
1.093799999999999955e+02
1.010899999999999181e+02
6.096999999999999886e+01
2.360499999999999829e+02
1.695199999999999818e+02
3.207800000000000864e+02
3.551299999999999955e+02
4.454400000000000546e+02
5.317699999999999818e+02
4.657799999999999727e+02
5.812000000000000455e+01
1.919000000000000057e+02
1.638600000000000136e+02
3.787000000000000455e+02
1.522399999999998954e+02
5.316799999999999500e+02
2.970100000000000477e+02
4.306799999999999500e+02
4.654900000000000091e+02
1.134400000000000546e+02
5.232000000000000455e+02
1.642899999999999920e+02
5.737000000000000455e+01
2.715000000000000000e+02
1.009500000000000455e+02
5.672000000000000597e+01
2.641399999999999864e+02
3.315000000000003411e+01
2.257299999999999613e+02
6.844199999999999591e+02
3.544300000000000068e+02
4.304800000000000182e+02
1.089800000000000182e+02
2.628500000000000227e+02
1.018099999999999454e+02
7.845500000000000682e+02
1.335699999999999932e+02
1.635599999999999739e+02
2.254000000000000341e+02
1.536499999999999773e+02
1.102100000000000364e+02
5.640999999999999659e+01
4.304399999999999977e+02
1.185500000000000114e+02
4.660400000000000205e+02
2.252900000000000205e+02
4.657999999999999545e+02
5.736000000000001364e+01
5.381000000000005912e+01
1.679899999999999523e+02
4.602799999999999727e+02
4.987999999999999545e+01
1.991900000000000546e+02
6.266200000000000045e+02
5.302300000000000182e+02
2.024900000000000091e+02
5.780999999999999517e+01
2.529499999999999886e+02
2.694100000000000250e+02
2.051799999999999500e+02
7.852100000000000364e+02
2.967599999999999909e+02
2.812099999999999795e+02
2.512300000000000182e+02
2.242000000000000455e+02
6.723999999999999773e+02
1.011200000000000045e+02
5.734000000000003183e+01
2.227800000000000296e+02
2.987799999999999727e+02
2.230600000000000023e+02
6.605000000000000000e+02
7.501999999999998181e+01
3.553399999999999750e+02
5.668000000000000682e+01
1.332799999999999727e+02
1.643700000000000330e+02
2.249700000000000273e+02
5.695000000000004547e+01
3.066200000000000045e+02
5.441399999999999864e+02
4.785000000000002274e+01
2.253399999999999750e+02
1.550300000000000864e+02
2.115000000000000000e+02
1.520599999999999454e+02
5.246100000000000136e+02
2.038500000000000227e+02
3.533400000000000318e+02
2.198900000000000432e+02
1.088700000000000045e+02
5.029999999999995453e+01
5.053999999999996362e+01
5.219900000000000091e+02
3.614800000000000182e+02
3.448400000000000318e+02
1.174399999999999977e+02
4.597600000000000477e+02
1.546899999999999409e+02
7.202400000000000091e+02
4.757999999999992724e+01
1.640200000000000102e+02
4.498299999999999841e+02
5.293000000000006366e+01
3.525600000000000591e+02
2.063199999999999363e+02
2.823400000000000318e+02
2.396999999999999886e+02
2.064700000000000273e+02
1.565000000000000000e+02
4.304399999999999977e+02
6.831699999999999591e+02
2.016499999999999773e+02
1.001299999999999955e+02
2.252299999999999613e+02
2.003199999999999932e+02
1.675900000000000318e+02
5.732999999999992724e+01
1.045900000000000318e+02
2.069100000000000250e+02
5.629999999999995453e+01
5.137999999999999545e+01
7.269399999999999409e+02
1.022800000000000864e+02
1.590100000000000477e+02
1.574399999999999409e+02
2.977699999999999818e+02
1.764399999999999977e+02
2.905200000000000387e+02
3.544499999999999886e+02
3.286499999999999773e+02
2.042900000000000773e+02
1.792900000000000205e+02
5.497000000000000455e+02
1.015299999999999727e+02
4.179000000000000625e+01
5.542000000000000171e+01
7.281100000000000136e+02
4.329999999999999716e+01
4.495700000000000500e+02
1.293999999999999773e+02
1.518500000000000227e+02
5.395999999999992269e+01
2.243100000000000023e+02
2.061499999999999773e+02
2.979900000000000091e+02
1.254300000000000068e+02
6.370600000000000591e+02
3.668000000000000114e+02
5.684000000000003183e+01
5.667999999999994998e+01
2.975600000000000591e+02
2.254000000000000341e+02
4.999000000000000909e+01
1.037300000000000182e+02
5.310299999999999727e+02
2.240500000000000682e+02
2.904900000000000091e+02
3.385600000000000023e+02
2.009099999999999682e+02
2.973100000000000023e+02
2.243100000000000023e+02
1.661499999999999773e+02
5.825000000000000000e+01
7.712800000000000864e+02
2.068400000000000318e+02
1.342199999999999989e+02
3.860500000000000682e+02
2.067300000000000182e+02
1.017699999999999818e+02
1.573100000000000023e+02
3.050000000000000000e+02
4.997100000000000364e+02
2.358600000000000136e+02
5.668999999999999773e+01
1.341700000000000159e+02
1.624800000000000182e+02
2.256299999999999955e+02
3.063700000000000045e+02
5.207200000000000273e+02
5.818999999999999773e+01
4.639199999999999591e+02
5.288999999999998636e+01
2.536800000000000637e+02
3.821000000000003638e+01
4.399000000000000909e+01
1.616200000000000045e+02
6.766599999999999682e+02
1.517100000000000364e+02
3.080799999999999272e+02
9.540000000000000568e+01
7.288999999999999773e+02
6.005999999999994543e+01
4.067000000000007276e+01
9.575000000000000000e+01
4.666000000000000227e+02
2.616900000000000546e+02
2.980199999999999818e+02
1.680500000000000114e+02
1.798499999999999943e+02
3.426899999999999977e+02
3.064200000000000728e+02
2.975500000000000114e+02
5.310700000000000500e+02
4.202000000000000313e+01
5.639999999999999858e+01
3.122299999999999613e+02
5.746800000000000637e+02
4.669600000000000364e+02
5.657999999999992724e+01
6.064999999999999147e+01
3.031100000000000136e+02
6.471000000000003638e+01
1.584300000000000068e+02
4.847400000000000091e+02
3.854000000000000341e+02
2.049099999999999682e+02
1.019900000000000091e+02
1.065999999999999943e+02
7.277100000000000364e+02
1.681599999999999682e+02
1.124200000000000728e+02
4.775999999999999091e+01
5.051999999999998181e+01
1.524099999999999682e+02
4.652600000000000477e+02
1.023999999999999773e+02
5.100999999999999091e+01
1.523400000000000318e+02
4.302999999999999545e+02
2.985900000000000318e+02
2.250399999999999636e+02
3.068400000000000318e+02
5.794399999999999409e+02
1.027900000000000773e+02
1.029599999999999227e+02
2.254699999999999704e+02
2.053500000000000227e+02
3.547699999999999818e+02
5.222000000000000455e+02
1.051999999999999318e+02
3.927600000000000477e+02
4.901500000000000341e+02
3.992999999999994998e+01
1.777099999999999795e+02
1.197200000000000273e+02
3.617899999999999636e+02
8.299399999999999409e+02
6.270100000000001046e+02
4.710999999999989996e+01
5.217100000000000364e+02
2.363000000000000114e+02
2.453899999999999864e+02
2.983600000000000136e+02
5.482999999999992724e+01
1.007400000000000091e+02
7.385600000000000591e+02
1.517300000000000182e+02
7.273299999999999272e+02
2.209900000000000091e+02
7.693999999999999773e+01
2.246199999999999477e+02
3.043400000000000318e+02
1.084300000000000637e+02
5.706999999999993634e+01
1.103600000000000136e+02
1.521599999999999682e+02
1.770399999999999636e+02
1.343400000000000034e+02
5.286299999999999955e+02
2.016200000000000045e+02
5.231100000000000136e+02
3.073500000000000227e+02
5.269900000000000091e+02
5.597999999999990450e+01
2.362700000000000102e+02
1.679399999999999977e+02
3.637599999999999909e+02
5.587000000000000455e+01
7.273700000000000045e+02
1.005700000000000500e+02
1.500299999999999727e+02
1.011599999999999682e+02
1.500900000000000318e+02
5.785800000000000409e+02
1.023000000000000682e+02
6.766000000000000227e+02
3.286500000000000341e+02
6.269400000000000546e+02
3.049100000000000819e+02
9.698000000000000398e+01
1.998400000000000034e+02
1.768599999999999852e+02
1.196100000000000136e+02
1.275199999999999818e+02
2.495600000000000591e+02
6.776499999999999773e+02
5.227400000000000091e+02
2.046899999999999409e+02
2.969600000000000364e+02
4.203999999999999915e+01
2.334000000000000341e+02
6.520499999999999545e+02
3.684300000000000068e+02
3.621100000000000136e+02
1.013799999999999955e+02
2.959800000000000182e+02
3.311200000000000045e+02
3.791500000000000341e+02
5.643100000000000591e+02
3.634800000000000182e+02
2.806299999999999386e+02
1.491200000000000045e+02
3.224999999999999432e+02
4.407000000000005002e+01
5.384000000000003183e+01
3.100000000000000000e+02
1.682599999999999909e+02
2.625000000000000000e+02
1.016100000000000136e+02
2.612000000000000455e+02
1.021200000000000045e+02
2.978400000000000318e+02
5.520000000000000284e+01
5.665999999999999659e+01
2.972900000000000205e+02
4.294300000000000637e+02
3.533799999999999955e+02
2.247500000000000568e+02
2.986899999999999977e+02
3.195400000000000205e+02
2.989600000000000364e+02
1.648900000000000432e+02
1.080699999999999363e+02
1.049500000000000455e+02
1.528999999999999773e+02
7.274900000000000091e+02
1.016499999999999773e+02
2.249099999999999682e+02
2.047100000000000364e+02
5.764000000000000057e+01
1.305600000000000023e+02
3.336899999999999409e+02
2.631299999999999955e+02
1.013300000000000409e+02
2.969100000000000250e+02
2.805800000000000409e+02
1.501200000000000045e+02
1.526999999999999318e+02
4.065999999999999659e+01
5.779200000000000728e+02
3.052999999999999545e+02
2.533799999999999955e+02
6.208700000000001182e+02
5.498999999999989541e+01
1.497700000000000955e+02
7.259900000000000091e+02
5.887000000000000455e+01
4.646299999999999955e+02
1.560599999999999454e+02
1.990199999999999818e+02
1.984000000000000341e+02
2.247200000000000273e+02
2.052300000000000182e+02
2.309800000000000182e+02
1.223499999999999659e+02
5.313700000000000045e+02
6.961000000000001364e+01
2.258399999999999750e+02
3.544800000000000182e+02
3.806400000000000432e+02
1.514600000000000364e+02
1.662499999999999432e+02
3.220700000000000500e+02
2.051100000000000136e+02
1.011900000000000546e+02
3.790600000000000023e+02
2.248899999999999864e+02
2.038099999999999454e+02
5.810000000000000142e+01
2.968199999999999932e+02
1.645799999999999841e+02
1.640200000000000955e+02
1.015199999999999818e+02
4.656500000000000341e+02
1.610399999999999636e+02
2.028899999999999864e+02
3.537500000000000000e+02
5.628000000000000114e+01
2.966599999999999682e+02
2.257400000000000091e+02
2.045400000000000773e+02
2.250899999999999750e+02
6.858600000000000136e+02
4.883000000000004093e+01
1.536799999999999500e+02
5.220199999999999818e+02
3.618700000000000045e+02
3.700999999999999091e+01
4.459700000000000273e+02
9.867999999999994998e+01
1.511499999999999773e+02
8.447799999999999727e+02
4.275000000000000000e+01
5.650700000000000500e+02
3.631200000000000045e+02
1.340500000000000114e+02
3.891000000000000227e+02
1.210600000000000023e+02
1.794400000000000261e+02
2.873899999999999295e+02
1.614900000000000091e+02
5.217599999999999909e+02
2.065799999999999272e+02
5.220000000000000000e+02
2.638500000000000227e+02
1.016599999999999682e+02
7.769800000000000182e+02
1.510900000000000318e+02
5.581000000000000227e+01
5.224600000000000364e+02
2.252400000000000659e+02
6.779199999999999591e+02
2.624800000000000182e+02
3.002100000000000364e+02
1.682200000000000273e+02
3.640900000000000318e+02
1.104599999999999227e+02
7.328000000000000682e+02
1.904499999999999886e+02
1.623900000000000148e+02
2.810500000000000114e+02
2.510900000000000318e+02
3.637100000000000364e+02
3.752500000000000568e+02
1.457599999999999341e+02
1.051299999999999955e+02
5.172000000000002728e+01
4.962000000000000455e+01
6.952999999999997272e+01
5.324700000000000273e+02
5.228099999999999454e+02
1.124100000000000819e+02
2.244800000000000182e+02
5.591999999999995907e+01
3.936999999999999886e+02
2.232400000000000091e+02
4.482799999999999727e+02
5.073000000000001819e+01
1.520199999999999818e+02
2.243699999999999477e+02
3.066299999999999955e+02
1.688900000000000432e+02
3.625099999999999909e+02
5.851000000000000512e+01
2.391599999999999966e+02
2.219399999999999977e+02
1.116999999999999318e+02
5.013999999999998636e+01
4.868000000000006366e+01
1.497799999999999727e+02
5.229200000000000728e+02
1.043399999999999181e+02
2.019600000000000364e+02
2.629600000000000364e+02
5.782000000000000739e+01
2.256099999999999852e+02
2.963799999999999955e+02
3.073000000000000682e+02
7.262999999999999545e+02
1.645600000000000023e+02
1.259299999999999500e+02
9.853000000000008640e+01
3.049900000000000091e+02
3.535800000000000409e+02
7.846900000000000546e+02
4.855600000000000591e+02
2.518400000000000318e+02
5.223000000000000682e+02
5.773000000000001819e+01
5.214600000000000364e+02
3.081599999999999682e+02
5.788500000000000227e+02
2.052299999999999045e+02
5.732000000000000739e+01
4.220400000000000773e+02
2.538700000000000045e+02
5.043999999999994088e+01
1.021100000000000136e+02
2.213199999999999932e+02
1.072500000000000000e+02
4.303799999999999955e+02
1.787300000000000182e+02
3.445000000000000568e+02
3.402999999999997272e+01
3.300799999999999841e+02
4.639300000000000068e+02
5.881000000000005912e+01
1.538899999999999864e+02
2.603300000000000409e+02
5.226700000000000728e+02
3.605699999999999363e+02
5.804700000000000273e+02
2.968199999999999932e+02
1.631100000000000705e+02
6.192999999999994998e+01
2.054099999999999682e+02
7.280000000000000000e+02
3.493600000000000136e+02
1.330699999999999932e+02
2.795299999999999727e+02
1.494500000000000455e+02
7.845200000000000955e+02
7.662400000000000091e+02
2.382300000000000182e+02
5.508999999999998920e+01
5.243400000000000318e+02
5.527999999999997272e+01
4.886000000000001364e+01
3.550799999999999841e+02
3.792299999999999613e+02
4.661299999999999955e+02
5.593000000000006366e+01
1.039800000000000182e+02
2.011699999999999591e+02
3.462899999999999636e+02
5.904999999999995453e+01
2.043300000000000409e+02
1.026000000000000227e+02
2.870499999999999545e+02
3.649800000000000182e+02
2.508000000000000682e+02
2.361400000000000148e+02
1.207699999999999818e+02
6.125000000000001421e+01
6.674900000000000091e+02
1.025600000000000591e+02
5.621699999999999591e+02
2.620399999999999636e+02
2.621499999999999773e+02
5.652999999999997272e+01
2.060099999999999909e+02
2.251999999999999886e+02
5.576999999999998181e+01
3.080400000000000773e+02
6.830099999999999909e+02
9.997000000000002728e+01
1.025000000000000000e+02
2.961599999999999682e+02
5.325000000000000000e+02
5.062000000000000455e+01
2.961700000000000159e+02
6.218999999999999773e+02
5.301200000000000045e+02
1.030699999999999363e+02
2.473700000000000614e+02
9.865999999999996817e+01
5.708999999999999631e+01
5.233099999999999454e+02
4.796299999999999955e+02
1.960600000000000023e+02
7.648299999999999272e+02
7.277800000000000864e+02
4.387800000000000296e+02
1.398399999999999750e+02
2.026299999999999955e+02
1.039100000000000819e+02
1.272800000000000296e+02
3.604999999999995453e+01
1.150900000000000318e+02
1.266999999999999318e+02
1.620199999999999818e+02
2.252099999999999795e+02
3.769000000000000341e+02
5.303999999999996362e+01
1.001200000000000045e+02
6.021800000000000637e+02
8.290000000000000000e+02
5.776200000000000045e+02
9.279400000000000546e+02
5.671999999999991360e+01
5.575000000000000000e+01
1.493400000000000318e+02
1.685900000000000318e+02
2.621899999999999409e+02
5.634000000000003183e+01
4.493999999999994088e+01
