1.458999999999999773e+02
6.496700000000000728e+02
3.615500000000000682e+02
5.052999999999997272e+01
3.204399999999999409e+02
7.486999999999999318e+02
5.906000000000000227e+01
5.596999999999999886e+01
4.346200000000000045e+02
2.401100000000000136e+02
1.656699999999999875e+02
3.594800000000000182e+02
6.574900000000000091e+02
5.712999999999999545e+01
1.072700000000000102e+02
9.849000000000000909e+01
8.980000000000001137e+01
1.685299999999999727e+02
5.609000000000003183e+01
8.155999999999994543e+01
2.366800000000000637e+02
2.042500000000000000e+02
6.529800000000000182e+02
7.330799999999999272e+02
5.476999999999998181e+01
4.077999999999997272e+01
2.166000000000000227e+02
9.232000000000005002e+01
3.502400000000000091e+02
4.466700000000000159e+02
6.077699999999999818e+02
2.849900000000000091e+02
6.571000000000003638e+01
1.049000000000000057e+02
7.912500000000000000e+02
6.006800000000000637e+02
9.307999999999992724e+01
4.769000000000005457e+01
1.033499999999999943e+02
4.182000000000000455e+02
2.290499999999999545e+02
1.966200000000000045e+02
4.008000000000004093e+01
3.953100000000000023e+02
1.410000000000000000e+02
9.551999999999998181e+01
5.951999999999999602e+01
1.632800000000000296e+02
3.024499999999999886e+02
4.675900000000000318e+02
2.064899999999999807e+02
3.499400000000000546e+02
1.957199999999999136e+02
4.892000000000001592e+01
2.458699999999999761e+02
4.472500000000000568e+02
3.499400000000000546e+02
1.621300000000000239e+02
3.196000000000000227e+02
3.956999999999999318e+01
8.617999999999994998e+01
4.850000000000000000e+01
2.925999999999999659e+02
2.598700000000000614e+02
2.385899999999999181e+02
6.547000000000002728e+01
5.572000000000000597e+01
4.811999999999999034e+01
2.050200000000000387e+02
8.763999999999998636e+01
2.611400000000000432e+02
2.914900000000000091e+02
3.726299999999999955e+02
6.016599999999999682e+02
5.040400000000000205e+02
4.871000000000003638e+01
2.386499999999999773e+02
7.879700000000000273e+02
5.531499999999999773e+02
9.168000000000006366e+01
5.732000000000000739e+01
2.065600000000000023e+02
6.330199999999999818e+02
5.083000000000004093e+01
5.129999999999999716e+01
5.508400000000000318e+02
7.901799999999999500e+02
6.877500000000000000e+02
2.368600000000000136e+02
8.536399999999999864e+02
4.133000000000004093e+01
3.898000000000001819e+01
2.631200000000000045e+02
1.348899999999999864e+02
2.366299999999999955e+02
1.625400000000000205e+02
3.600399999999999636e+02
1.338100000000000591e+02
2.645000000000000000e+02
4.105100000000000477e+02
1.609800000000000182e+02
3.624099999999999682e+02
2.375700000000000500e+02
7.973500000000000227e+02
9.721000000000003638e+01
2.380299999999999727e+02
1.042400000000000091e+02
2.020800000000000125e+02
4.778500000000000227e+02
5.369000000000001194e+01
5.021999999999999886e+01
5.520199999999999818e+02
2.369399999999999409e+02
3.723700000000000045e+02
4.438799999999999955e+02
4.925000000000000000e+01
5.529600000000000364e+02
1.458399999999999181e+02
1.351299999999999955e+02
2.381100000000000136e+02
9.659000000000003183e+01
5.509999999999990905e+01
4.174000000000000909e+01
6.945600000000000591e+02
9.537999999999999545e+01
1.052300000000000040e+02
2.465900000000000318e+02
8.875999999999999091e+01
4.934000000000000341e+01
2.039700000000000273e+02
2.139499999999999886e+02
1.349099999999999682e+02
3.084300000000000068e+02
3.046499999999999773e+02
2.963500000000000227e+02
8.801999999999998181e+01
2.187199999999999704e+02
2.375000000000000000e+02
6.375000000000000000e+01
5.601999999999998181e+01
1.329600000000000364e+02
1.681600000000000250e+02
1.360199999999999818e+02
4.473300000000000409e+02
9.783999999999991815e+01
1.768600000000000136e+02
8.266000000000002501e+01
2.758999999999999773e+02
8.401499999999999773e+02
4.840200000000000387e+02
1.040499999999999972e+02
2.458800000000000523e+02
3.059899999999999523e+02
2.383400000000000318e+02
4.912900000000000205e+02
5.060000000000000853e+01
6.926699999999999591e+02
2.151500000000000057e+02
6.349499999999999318e+02
5.481699999999999591e+02
4.091599999999999682e+02
6.027600000000001046e+02
3.060900000000000318e+02
1.418799999999999955e+02
9.516999999999995907e+01
5.523400000000000318e+02
2.376499999999999773e+02
5.223899999999999864e+02
2.267500000000000000e+02
4.913999999999998636e+01
9.784000000000003183e+01
2.382799999999999727e+02
4.862000000000000455e+01
6.009999999999998010e+01
1.442400000000000375e+02
2.149399999999999409e+02
2.263799999999999955e+02
2.103600000000000136e+02
3.961800000000000068e+02
1.396000000000000227e+02
1.037900000000000063e+02
5.048299999999999841e+02
4.736000000000001364e+01
1.411499999999999773e+02
1.056099999999999994e+02
2.482600000000000193e+02
3.055000000000000000e+02
1.409600000000000364e+02
9.789999999999997726e+01
6.294999999999993179e+01
4.754999999999999716e+01
6.114999999999999147e+01
4.666899999999999977e+02
2.812500000000000000e+02
4.234000000000003183e+01
5.528500000000000227e+02
5.864600000000000364e+02
3.520799999999999841e+02
2.997200000000000273e+02
9.885000000000002274e+01
6.154999999999995453e+01
5.945999999999999375e+01
4.942100000000000364e+02
9.204999999999995453e+01
1.463800000000001091e+02
6.338999999999998636e+01
5.428000000000000114e+01
1.090800000000000125e+02
1.881699999999999875e+02
5.802000000000001023e+01
4.946299999999999955e+02
2.386000000000000227e+02
5.830000000000000426e+01
1.087399999999999949e+02
9.769000000000002615e+01
5.924000000000000909e+02
4.142999999999994998e+01
5.875999999999999091e+01
2.729200000000000728e+02
2.184300000000000068e+02
2.616699999999999591e+02
8.431000000000005912e+01
1.911699999999999591e+02
5.561699999999999591e+02
2.844600000000000364e+02
5.387000000000000455e+01
5.048999999999999488e+01
5.534999999999999432e+01
4.972199999999999704e+02
9.188000000000010914e+01
2.211500000000000057e+02
1.633100000000000023e+02
4.929300000000000068e+02
1.414400000000000546e+02
4.117999999999999261e+01
3.603199999999999363e+02
3.720200000000000955e+02
2.608900000000000432e+02
3.952899999999999636e+02
2.370299999999999727e+02
7.338100000000000591e+02
1.877199999999999989e+02
6.230999999999997385e+01
5.532000000000000739e+01
1.072399999999999949e+02
3.222899999999999636e+02
1.715099999999999909e+02
2.372699999999999818e+02
8.375999999999999091e+01
6.038999999999998636e+01
3.171399999999999864e+02
1.337400000000000091e+02
2.373300000000000409e+02
1.183599999999999994e+02
6.346900000000000546e+02
1.466499999999999773e+02
6.504999999999995453e+01
1.955999999999999943e+02
5.219999999999998863e+01
5.419600000000000364e+02
1.312300000000000182e+02
1.340500000000000114e+02
2.764800000000000182e+02
4.566599999999999682e+02
5.793999999999999773e+01
3.196600000000000250e+02
4.779500000000000455e+02
1.644699999999999989e+02
4.458799999999999955e+02
2.822300000000000182e+02
7.960600000000000591e+02
1.631699999999999591e+02
7.310800000000000409e+02
7.308600000000000136e+02
3.469399999999999977e+02
3.598000000000001819e+01
4.562900000000000205e+02
5.350900000000001455e+02
9.884999999999990905e+01
1.130900000000000034e+02
1.330300000000000011e+02
2.563199999999999932e+02
2.878500000000000227e+02
5.584999999999999432e+01
3.818500000000000227e+02
8.561000000000001364e+01
1.334900000000000091e+02
1.035699999999999932e+02
7.505900000000000318e+02
5.243700000000000045e+02
2.740600000000000591e+02
9.877999999999997272e+01
8.990999999999996817e+01
7.898199999999999363e+02
8.403200000000000500e+02
3.473500000000000227e+02
9.407000000000005002e+01
4.731999999999993634e+01
4.930099999999999341e+02
3.207300000000000182e+02
2.343499999999999659e+02
2.381700000000000728e+02
1.126599999999999966e+02
5.811299999999999955e+02
9.678999999999996362e+01
6.564299999999999500e+02
3.749400000000000546e+02
6.467599999999999909e+02
2.081299999999999955e+02
1.638100000000000023e+02
4.934700000000000273e+02
9.435000000000002274e+01
4.587999999999999545e+01
9.736000000000001364e+01
1.042000000000000171e+02
4.962200000000000273e+02
2.379899999999998954e+02
1.254900000000000091e+02
1.338500000000000227e+02
5.813000000000000966e+01
3.571799999999999500e+02
5.984000000000000341e+01
9.417999999999997840e+01
5.233300000000000409e+02
3.729099999999999682e+02
8.414999999999997726e+01
4.985000000000002274e+01
3.042799999999999727e+02
3.426200000000000614e+02
1.928799999999999955e+02
5.369900000000000091e+02
9.677999999999997272e+01
5.623999999999999488e+01
6.587300000000000182e+02
2.384800000000000182e+02
6.505999999999994543e+01
1.091200000000000045e+02
1.046200000000000045e+02
2.166299999999999955e+02
5.186000000000001364e+01
4.124499999999999318e+02
3.192000000000007276e+01
1.579200000000000159e+02
3.932499999999999432e+02
6.568400000000000318e+02
9.223000000000001819e+01
1.024099999999999682e+02
3.946000000000000796e+01
5.397500000000000000e+02
5.365599999999999454e+02
9.738999999999998636e+01
6.204999999999995453e+01
3.966600000000000250e+02
5.220000000000000284e+01
8.433700000000000045e+02
5.822999999999999545e+02
1.628100000000000591e+02
5.535099999999999909e+02
6.562900000000000773e+02
3.582299999999999613e+02
8.531000000000005912e+01
4.871000000000003638e+01
9.918999999999999773e+01
4.873900000000000432e+02
4.108200000000000500e+02
3.207100000000000364e+02
9.004000000000002046e+01
1.721599999999999682e+02
1.580500000000000114e+02
6.959399999999999409e+02
2.395900000000000318e+02
7.971599999999999682e+02
6.906599999999999682e+02
4.087000000000000455e+01
1.451599999999999682e+02
2.023600000000000136e+02
4.331000000000000227e+01
1.720200000000000387e+02
8.456999999999993634e+01
5.036699999999999591e+02
2.774800000000000182e+02
9.438999999999998636e+01
1.116400000000000148e+02
4.927199999999999704e+02
2.373500000000000227e+02
3.213899999999999864e+02
1.627100000000000080e+02
2.268600000000000136e+02
5.414999999999999858e+01
7.410299999999999727e+02
5.671000000000003638e+01
1.056499999999999773e+02
5.512900000000000773e+02
5.228500000000000227e+02
2.750599999999999454e+02
1.053900000000000148e+02
2.485600000000000023e+02
3.028600000000000136e+02
1.407799999999999727e+02
1.965700000000000500e+02
4.989200000000000159e+02
2.472900000000000205e+02
5.925099999999999909e+02
4.116999999999995907e+01
6.497000000000000455e+02
1.476499999999999773e+02
9.602999999999997272e+01
2.175599999999999454e+02
2.387800000000000864e+02
5.039700000000000841e+02
2.453099999999999454e+02
2.367099999999999227e+02
4.186600000000000819e+02
2.743199999999999363e+02
9.743000000000006366e+01
5.523200000000000500e+02
2.380699999999999363e+02
8.563700000000000045e+02
3.010799999999999272e+02
5.185299999999999727e+02
4.456799999999999500e+02
9.899000000000000909e+01
1.485000000000000000e+02
4.040300000000000296e+02
2.386100000000000136e+02
3.090400000000000205e+02
1.966500000000000909e+02
4.885500000000000114e+02
1.411899999999999409e+02
1.607100000000000364e+02
6.984900000000000091e+02
1.445799999999999272e+02
7.902899999999999636e+02
4.318999999999999773e+01
1.450899999999999181e+02
4.932800000000000864e+02
5.531100000000000136e+02
2.372699999999999818e+02
3.814900000000000091e+02
3.722000000000002728e+01
1.340099999999999909e+02
4.243999999999999773e+01
3.977600000000000477e+02
2.377799999999999727e+02
5.517500000000000000e+02
1.908600000000000136e+02
1.047199999999999989e+02
6.110599999999999454e+02
8.295000000000004547e+01
2.511100000000000136e+02
5.446100000000000136e+02
1.079799999999999898e+02
3.587000000000000455e+02
3.727000000000000455e+02
5.895000000000001705e+01
6.352200000000000273e+02
4.677999999999997272e+01
9.688999999999998636e+01
1.435599999999999454e+02
2.750799999999999841e+02
4.545500000000000114e+02
3.177500000000000000e+02
4.156500000000000341e+02
3.752400000000000091e+02
1.627899999999999920e+02
1.880000000000000000e+02
1.718399999999999750e+02
1.580199999999999818e+02
8.781999999999999318e+01
1.588599999999999852e+02
8.793000000000000682e+01
5.430900000000000318e+02
1.725700000000000500e+02
2.753199999999999363e+02
2.620500000000000114e+02
1.377199999999999704e+02
7.907599999999999909e+02
3.077400000000000091e+02
5.874800000000000182e+02
9.792000000000001592e+01
5.251100000000000136e+02
3.705299999999999727e+02
1.045599999999999881e+02
6.092400000000000091e+02
5.537999999999999545e+01
1.070900000000000034e+02
4.939199999999999591e+02
9.311000000000001364e+01
3.811100000000000136e+02
1.707500000000000000e+02
1.410800000000000409e+02
3.702799999999999727e+02
5.862999999999998124e+01
7.328099999999999454e+02
1.078799999999999955e+02
1.895799999999999841e+02
2.205200000000000387e+02
3.007699999999999818e+02
4.899800000000000182e+02
4.822000000000002728e+01
9.603200000000000500e+02
5.755000000000001137e+01
5.779800000000000182e+02
4.195799999999999841e+02
3.699400000000000546e+02
2.384499999999999318e+02
5.533099999999999454e+02
2.377000000000000455e+02
6.600000000000000000e+01
1.380500000000000114e+02
1.716399999999999864e+02
9.826000000000001933e+01
1.761800000000000068e+02
3.601399999999999864e+02
5.379500000000000455e+02
1.626299999999999955e+02
2.954700000000000273e+02
2.583699999999999477e+02
2.872100000000000364e+02
4.082200000000000273e+02
3.252699999999999818e+02
9.016999999999995907e+01
3.102300000000000182e+02
2.109099999999999682e+02
5.978999999999999204e+01
3.594100000000000819e+02
1.351299999999999955e+02
3.949300000000000068e+02
2.373899999999999864e+02
3.704099999999999682e+02
5.846999999999999886e+01
1.461600000000000250e+02
2.138599999999999568e+02
5.530199999999999818e+02
1.618900000000000148e+02
1.889899999999999807e+02
3.063399999999999750e+02
4.965000000000000568e+01
2.460300000000000011e+02
3.056000000000000227e+02
1.466299999999999670e+02
8.952200000000000273e+02
4.940899999999999181e+02
2.373300000000000409e+02
5.329999999999999716e+01
5.109000000000000341e+01
4.171499999999999773e+02
2.278700000000001182e+02
1.454699999999999136e+02
4.759000000000000341e+01
6.465699999999999363e+02
1.452100000000000364e+02
1.038400000000000034e+02
5.194099999999999682e+02
9.228000000000008640e+01
1.080600000000000165e+02
9.843999999999999773e+01
6.935199999999999818e+02
5.871399999999999864e+02
1.458700000000000045e+02
7.498600000000000136e+02
1.446599999999999682e+02
1.180599999999999454e+02
3.708700000000000045e+02
3.514399999999999977e+02
3.977500000000000000e+02
1.448999999999999773e+02
8.124000000000000909e+01
2.375699999999999363e+02
2.940000000000000000e+02
1.576599999999999682e+02
3.942100000000000364e+02
3.896399999999999864e+02
2.872300000000000182e+02
4.201600000000000250e+02
2.349299999999999500e+02
1.583200000000000500e+02
3.941799999999999500e+02
4.949599999999999227e+02
2.388700000000000045e+02
8.590999999999996817e+01
4.373799999999999955e+02
4.554900000000000091e+02
3.061599999999999682e+02
2.356500000000000909e+02
1.767400000000000091e+02
4.057500000000000568e+02
8.780999999999994543e+01
2.949200000000000159e+02
6.082100000000000364e+02
5.494000000000001194e+01
8.341599999999999682e+02
4.931899999999999977e+02
1.049099999999999966e+02
1.452200000000000273e+02
2.159000000000000341e+02
8.538999999999998636e+01
1.888899999999999864e+02
9.992000000000001592e+01
6.328900000000001000e+02
1.094699999999999847e+02
9.877000000000003865e+01
3.923999999999999773e+02
9.607000000000005002e+01
1.447500000000000000e+02
9.788999999999998636e+01
4.485000000000002274e+01
2.026299999999999955e+02
4.913199999999999932e+02
1.888199999999999932e+02
1.363100000000000023e+02
1.684000000000000341e+02
6.368199999999999363e+02
9.918999999999994088e+01
1.331100000000000136e+02
2.176100000000000136e+02
1.413099999999999454e+02
4.902000000000009550e+01
5.428999999999999204e+01
4.396399999999999864e+02
1.934800000000000182e+02
1.336500000000000909e+02
4.451999999999998181e+01
2.599300000000000637e+02
5.525700000000000500e+02
2.913700000000000045e+02
4.556000000000000227e+01
1.722099999999999795e+02
9.116999999999995907e+01
2.491700000000000728e+02
1.972899999999999636e+02
1.050399999999999636e+02
8.310000000000002274e+01
1.341699999999999591e+02
1.051800000000000068e+02
4.656100000000000136e+02
2.247000000000000455e+02
9.879999999999995453e+01
2.575300000000000296e+02
4.735999999999999943e+01
5.810999999999999943e+01
5.822999999999998977e+01
3.600400000000000773e+02
1.333600000000000136e+02
8.885000000000002274e+01
3.070499999999999545e+02
2.985400000000000773e+02
5.678999999999999204e+01
8.602000000000001023e+01
3.514699999999999704e+02
1.406600000000000819e+02
1.050699999999999932e+02
1.035500000000000114e+02
1.152899999999999920e+02
5.792200000000000273e+02
5.637000000000000455e+01
1.087199999999999989e+02
5.841000000000001080e+01
4.054399999999999409e+02
2.284400000000000546e+02
1.895399999999999920e+02
3.036799999999999500e+02
5.887999999999999545e+01
4.927300000000000182e+02
3.730000000000000000e+02
3.963500000000000796e+02
1.411499999999999773e+02
9.652999999999997272e+01
6.464999999999997726e+01
2.037699999999999818e+02
3.966300000000000523e+02
1.418999999999999773e+02
1.715000000000000000e+02
8.690999999999996817e+01
3.492599999999999909e+02
3.473600000000000136e+02
1.372000000000000455e+02
1.003500000000000227e+02
2.031499999999999773e+02
2.974300000000000637e+02
5.135000000000002274e+01
2.392099999999999227e+02
1.536200000000000045e+02
3.964800000000000182e+02
1.596000000000000227e+02
6.934700000000000273e+02
5.782000000000000739e+01
2.289000000000000057e+02
2.166399999999999864e+02
4.857000000000005002e+01
3.000099999999999909e+02
3.318799999999999955e+02
5.526599999999999682e+02
2.369900000000000091e+02
1.618000000000000114e+02
5.876699999999999591e+02
5.782999999999999829e+01
3.610099999999999909e+02
3.715000000000000000e+02
6.286000000000001364e+01
8.415000000000000000e+02
7.142200000000000273e+02
8.226999999999998181e+01
9.837000000000000455e+01
8.384700000000000273e+02
6.479999999999995453e+01
8.985299999999999727e+02
4.190199999999999818e+02
3.265099999999999909e+02
4.612999999999999545e+01
1.336899999999999409e+02
2.378700000000000045e+02
5.521600000000000819e+02
1.416799999999999500e+02
3.592200000000000273e+02
1.355199999999999818e+02
2.986299999999999955e+02
5.910999999999999943e+01
4.457100000000000364e+02
2.887099999999999227e+02
7.483000000000000682e+02
4.851000000000000512e+01
2.036399999999999864e+02
2.145199999999999818e+02
1.344800000000000182e+02
2.381299999999999955e+02
5.053100000000000591e+02
3.061100000000000136e+02
5.879200000000000728e+02
4.864000000000010004e+01
1.953999999999999773e+02
4.406999999999993634e+01
5.031500000000000341e+02
2.458199999999999363e+02
5.537999999999999545e+01
6.580699999999999363e+02
1.418899999999999864e+02
6.930400000000000773e+02
4.641000000000000227e+02
2.289500000000000455e+02
3.731100000000000136e+02
1.550900000000000034e+02
3.485799999999999841e+02
1.421100000000000136e+02
1.438500000000000227e+02
3.514800000000000750e+02
6.564300000000000637e+02
1.047800000000000011e+02
1.141600000000000108e+02
8.626999999999998181e+01
1.781000000000000227e+02
4.125600000000000023e+02
2.186200000000000045e+02
2.348700000000000330e+02
4.370000000000000000e+02
2.614200000000000728e+02
1.338600000000000136e+02
3.014299999999999500e+02
1.390099999999999909e+02
4.166999999999995907e+01
6.948000000000000682e+02
1.454399999999999409e+02
1.421000000000000227e+02
2.162900000000000205e+02
4.448000000000001819e+01
5.880299999999999727e+02
4.553999999999996362e+01
