3.070000000000000000e+02
9.263999999999998636e+01
1.051599999999999682e+02
3.513199999999999932e+02
6.003000000000000114e+01
5.520399999999999636e+02
3.793999999999999773e+01
3.112400000000000091e+02
5.893999999999999773e+01
1.069100000000000250e+02
4.437500000000000000e+02
5.525799999999999272e+02
5.105899999999999750e+02
5.157999999999999545e+02
3.337000000000000455e+01
1.602700000000000102e+02
8.845000000000001705e+01
6.656999999999999318e+02
1.466200000000000045e+02
5.848000000000001819e+01
5.070899999999999750e+02
2.059600000000000364e+02
2.452700000000000102e+02
4.112899999999999636e+02
3.910099999999999909e+02
8.916000000000002501e+01
3.135699999999999363e+02
1.143000000000000398e+02
5.528799999999998818e+02
1.445600000000000023e+02
5.844000000000002615e+01
4.564600000000000364e+02
1.504000000000000341e+02
4.562199999999999704e+02
3.637999999999999545e+02
8.943999999999994088e+01
3.674200000000000728e+02
2.391299999999999955e+02
5.843000000000000682e+01
6.406999999999999318e+01
4.537199999999999704e+02
5.522999999999999545e+02
2.473600000000000136e+02
1.060000000000000000e+02
5.571999999999999886e+01
6.122100000000000364e+02
1.165399999999999920e+02
4.544699999999999704e+02
1.959400000000000546e+02
6.097400000000000091e+02
5.783999999999991815e+01
5.953000000000002956e+01
4.565199999999999818e+02
1.492800000000000864e+02
1.630000000000000000e+02
2.042699999999999818e+02
5.117300000000000182e+02
1.148400000000000318e+02
3.168199999999999932e+02
9.162999999999999545e+01
1.436699999999999591e+02
5.411000000000001364e+01
1.610799999999999841e+02
4.253000000000001535e+01
1.617800000000000011e+02
1.413199999999999932e+02
3.682300000000000182e+02
4.212999999999999545e+01
2.225799999999999841e+02
2.626599999999999682e+02
4.554700000000000273e+02
2.475199999999999818e+02
2.644200000000000159e+02
4.486399999999999864e+02
1.004199999999999591e+02
5.450000000000000000e+01
2.857100000000000364e+02
5.103700000000000614e+02
5.696999999999999886e+01
5.866999999999998749e+01
4.566200000000000614e+02
5.072000000000002728e+01
1.438899999999999864e+02
4.443999999999999773e+01
5.716999999999998749e+01
5.787000000000000455e+01
4.568000000000000682e+02
5.269999999999993179e+01
2.041999999999999886e+02
1.885600000000000023e+02
2.063299999999999841e+02
5.585000000000002274e+01
5.917999999999997840e+01
1.061899999999999977e+02
4.030100000000000477e+02
5.571999999999999886e+01
6.048000000000001819e+01
5.949000000000000909e+01
2.205400000000000205e+02
3.475400000000000205e+02
1.946100000000000136e+02
1.062200000000000273e+02
5.942000000000001592e+01
3.701299999999999955e+02
3.340999999999996817e+01
2.045300000000000011e+02
1.625300000000000296e+02
1.469099999999999682e+02
6.373000000000001819e+01
5.432500000000000000e+02
5.962999999999999545e+01
1.154099999999999966e+02
1.458199999999999932e+02
5.128400000000000318e+02
1.490400000000000205e+02
1.497799999999999727e+02
2.558800000000000523e+02
5.862999999999996703e+01
6.552000000000003865e+01
8.239999999999997726e+01
5.027899999999999636e+02
1.615100000000000193e+02
5.117600000000000477e+02
1.020800000000000125e+02
5.512000000000000455e+01
1.486000000000000227e+02
6.090299999999999727e+02
1.047500000000000000e+02
5.802999999999997272e+01
2.405600000000000591e+02
5.845000000000001705e+01
5.506200000000000045e+02
1.416799999999999500e+02
4.475000000000000000e+01
1.154600000000000364e+02
6.063499999999999091e+02
1.485400000000000205e+02
1.157900000000000205e+02
8.662000000000000455e+01
4.500999999999999091e+01
5.602000000000001023e+01
5.991999999999998749e+01
5.504600000000000364e+02
9.981999999999993634e+01
1.478799999999999955e+02
6.169900000000000091e+02
1.033999999999999773e+02
5.715699999999999363e+02
1.894600000000000080e+02
6.103400000000000318e+02
1.150800000000000125e+02
1.069900000000000091e+02
5.489700000000000273e+02
8.656000000000000227e+01
1.598400000000000318e+02
1.058199999999999932e+02
5.941999999999998749e+01
1.011100000000000136e+02
2.386199999999999477e+02
2.086900000000000261e+02
5.909999999999999432e+01
6.519999999999998863e+01
3.733999999999997499e+01
2.662699999999999818e+02
5.453000000000000114e+01
6.178000000000000114e+01
6.505600000000000591e+02
5.513899999999999864e+02
9.719000000000005457e+01
6.161899999999999409e+02
2.386000000000000227e+02
1.478600000000000136e+02
2.866600000000000250e+02
4.453999999999999915e+01
4.183999999999998920e+01
3.110400000000000205e+02
1.627300000000000182e+02
1.372099999999999795e+02
5.764000000000001478e+01
4.481000000000000227e+01
1.159100000000000250e+02
5.473300000000000409e+02
4.457999999999998408e+01
1.142500000000000284e+02
4.103400000000000318e+02
4.443000000000000682e+01
4.571500000000000341e+02
5.869600000000000364e+02
8.965000000000000568e+01
1.159500000000000171e+02
1.489699999999999704e+02
6.136000000000001364e+01
1.491600000000000250e+02
4.548299999999999841e+02
5.390000000000009095e+01
5.540999999999999659e+01
6.010000000000002274e+01
4.569599999999999795e+02
4.008899999999999864e+02
8.909999999999996589e+01
1.696600000000000819e+02
1.424199999999999591e+02
1.610399999999999920e+02
5.088600000000000705e+02
5.794999999999998863e+01
1.226200000000000330e+02
8.540999999999996817e+01
4.523900000000000432e+02
5.825000000000002842e+01
3.675300000000000296e+02
4.281999999999993634e+01
1.159299999999999784e+02
2.032000000000000455e+02
2.530000000000000000e+02
5.325000000000000000e+01
1.647899999999999920e+02
6.077999999999999545e+02
6.097699999999999818e+02
5.556999999999993634e+01
1.409800000000000182e+02
1.654400000000000261e+02
5.860999999999998522e+01
5.521900000000000546e+02
5.821000000000000796e+01
1.503999999999999773e+02
1.042400000000000091e+02
1.388799999999999955e+02
5.497999999999999545e+02
1.152300000000000182e+02
6.521100000000000136e+02
4.566400000000000432e+02
6.266499999999999773e+02
4.056000000000005912e+01
5.615000000000000568e+01
2.075699999999999932e+02
3.637999999999999545e+02
1.482799999999999727e+02
2.563999999999999773e+02
1.993400000000000318e+02
1.308300000000000125e+02
5.684999999999999432e+01
4.682400000000000091e+02
9.920999999999992269e+01
2.057800000000000296e+02
2.027200000000000273e+02
2.391699999999999591e+02
2.153300000000000409e+02
1.983500000000000227e+02
1.621100000000000136e+02
1.067699999999999818e+02
2.092100000000000080e+02
4.012599999999999909e+02
1.617600000000000193e+02
1.721399999999999864e+02
5.637000000000000455e+01
5.915000000000003411e+01
5.950999999999999091e+01
1.028899999999999864e+02
5.700000000000000000e+01
2.087100000000000080e+02
1.497200000000000273e+02
4.018799999999999386e+02
9.000999999999999091e+01
3.115800000000000409e+02
9.981999999999993634e+01
1.496000000000000227e+02
5.516399999999999864e+02
9.548000000000001819e+01
5.221999999999997044e+01
2.518700000000000045e+02
1.028200000000000216e+02
6.088300000000000409e+02
5.632999999999998408e+01
5.943999999999999773e+01
5.928999999999999204e+01
4.541300000000000523e+02
2.023799999999999955e+02
3.499900000000000091e+02
5.587000000000000455e+01
4.274099999999999682e+02
1.150000000000000000e+02
4.557300000000000750e+02
1.969199999999999591e+02
4.656999999999999318e+02
2.643200000000000500e+02
2.181299999999999386e+02
5.822000000000002728e+01
4.101199999999999477e+02
6.096699999999999591e+02
5.745000000000001705e+01
4.036999999999999886e+02
1.475300000000000011e+02
2.965600000000000591e+02
3.074699999999999704e+02
6.005999999999997385e+01
1.485000000000000000e+02
1.638300000000000125e+02
4.393000000000000682e+01
3.068099999999999454e+02
1.174800000000000182e+02
2.387800000000000296e+02
8.339300000000000637e+02
1.322700000000000102e+02
4.832600000000000477e+02
2.388299999999999272e+02
5.898000000000001819e+01
2.497800000000000296e+02
1.506399999999999864e+02
2.129699999999999704e+02
2.879500000000000455e+02
3.982999999999999545e+02
3.136000000000000227e+02
5.539999999999997726e+01
9.868999999999994088e+01
5.723999999999998067e+01
5.668000000000003524e+01
2.031399999999999864e+02
1.669600000000000364e+02
1.472000000000000171e+02
5.856999999999999318e+01
4.511399999999999864e+02
1.138299999999999841e+02
4.008400000000000318e+02
4.127900000000000205e+02
1.926899999999999409e+02
5.878000000000000114e+01
4.078299999999999841e+02
1.488499999999999659e+02
5.360000000000002274e+01
3.500999999999999091e+01
1.703099999999999454e+02
9.979000000000007731e+01
4.538499999999999659e+02
1.510500000000000682e+02
1.025800000000000125e+02
5.880000000000001137e+01
2.387100000000000364e+02
5.699000000000000909e+01
2.479999999999995453e+01
5.916000000000002501e+01
2.381200000000000045e+02
3.685499999999999545e+02
2.866800000000000068e+02
1.016999999999999886e+02
6.097400000000000091e+02
2.270600000000000023e+02
5.870000000000001705e+01
5.952000000000001023e+01
5.496900000000000546e+02
3.675300000000000296e+02
3.168599999999999568e+02
2.036299999999999955e+02
5.834000000000000341e+01
2.027599999999999909e+02
1.067599999999999909e+02
3.489999999999999432e+02
5.874000000000000909e+01
2.243900000000000148e+02
5.892000000000001592e+01
8.549300000000000637e+02
2.469200000000000159e+02
4.051800000000000637e+02
1.493900000000000432e+02
2.400399999999999636e+02
2.095799999999999841e+02
5.882999999999998408e+01
4.541100000000000705e+02
1.941599999999999682e+02
5.700000000000000000e+01
5.920000000000001705e+01
4.542300000000000182e+02
1.154499999999999886e+02
4.561100000000000136e+02
1.600399999999999920e+02
1.156700000000000159e+02
6.073000000000001819e+01
2.274200000000000159e+02
2.073699999999999761e+02
3.050200000000000387e+02
2.414299999999999500e+02
1.297100000000000364e+02
5.596999999999999886e+01
1.036699999999999875e+02
5.866000000000002501e+01
5.577000000000001023e+01
5.967000000000001592e+01
5.112800000000000296e+02
5.605000000000001137e+01
5.926000000000001933e+01
4.025600000000000023e+02
5.599000000000000909e+01
5.781999999999999318e+01
5.813000000000002387e+01
4.093799999999999955e+02
2.420700000000000500e+02
1.690300000000000011e+02
5.737000000000000455e+01
5.826000000000001933e+01
1.037799999999999727e+02
1.607199999999999989e+02
2.035199999999999818e+02
4.561599999999999682e+02
1.811999999999999886e+02
3.047400000000000659e+02
1.060900000000000318e+02
3.042299999999999613e+02
4.411000000000001364e+01
5.633000000000004093e+01
1.555099999999999909e+02
1.475400000000000205e+02
5.500900000000000318e+02
4.088200000000000500e+02
5.876000000000001933e+01
6.531999999999999318e+01
1.168900000000000148e+02
4.562600000000000477e+02
5.230999999999994543e+01
1.415800000000000409e+02
1.634300000000000352e+02
2.996600000000000250e+02
4.688999999999998636e+01
1.892300000000000182e+02
5.765000000000000568e+01
1.630000000000000284e+02
1.486399999999999864e+02
3.055499999999999545e+02
1.756699999999999875e+02
1.171099999999999852e+02
1.502599999999999909e+02
5.918000000000000682e+01
1.046600000000000250e+02
2.888700000000000045e+02
6.072100000000000364e+02
5.518300000000000409e+02
1.507700000000000387e+02
2.563799999999999955e+02
2.959500000000000455e+02
1.609699999999999704e+02
1.081800000000000068e+02
1.726100000000000136e+02
1.903800000000000239e+02
5.847999999999998977e+01
5.883000000000001251e+01
4.093299999999999841e+02
9.647000000000002728e+01
7.113899999999999864e+02
1.014700000000000273e+02
4.209000000000000341e+01
1.177399999999999807e+02
1.745900000000000034e+02
1.164900000000000375e+02
4.539800000000000182e+02
6.587999999999999545e+01
8.343999999999999773e+01
3.069399999999999977e+02
1.146899999999999977e+02
4.634999999999999432e+01
6.201200000000000045e+02
1.508000000000000114e+02
4.538499999999999659e+02
4.094000000000000341e+02
4.618000000000000682e+01
1.142999999999999829e+02
4.604000000000002046e+01
1.156499999999999773e+02
4.532699999999999818e+02
1.613799999999999955e+02
6.516000000000000227e+02
3.904200000000000159e+02
1.734799999999999898e+02
1.128799999999999955e+02
5.825999999999999091e+01
4.545600000000000023e+02
1.494199999999999591e+02
2.608299999999999841e+02
1.380500000000000682e+02
5.827000000000001023e+01
5.966000000000002501e+01
1.488299999999999841e+02
3.575000000000000000e+02
5.118800000000000523e+02
5.896999999999997044e+01
5.050399999999999636e+02
1.021299999999999955e+02
5.865000000000000568e+01
5.505499999999999545e+02
2.403500000000000227e+02
1.144299999999999784e+02
4.562599999999999909e+02
5.779999999999998295e+01
5.824999999999997158e+01
2.039900000000000091e+02
1.151699999999999875e+02
5.045300000000000296e+02
4.713999999999998636e+01
2.273300000000000125e+02
3.440399999999999636e+02
8.314999999999997726e+01
2.379800000000000182e+02
3.668900000000000432e+02
2.418999999999999773e+02
5.810000000000002274e+01
1.158600000000000136e+02
1.050199999999999818e+02
4.401999999999998181e+01
3.554900000000000091e+02
9.076999999999999602e+01
5.601000000000001933e+01
5.860999999999998522e+01
5.493200000000000500e+02
5.974000000000000909e+01
1.696599999999999966e+02
5.717799999999999727e+02
9.280000000000006821e+01
1.164400000000000261e+02
1.058299999999999841e+02
2.990100000000000477e+02
3.103399999999999181e+02
5.371000000000003638e+01
5.664000000000001478e+01
2.080500000000000114e+02
4.020499999999999545e+02
5.371000000000003638e+01
4.559699999999999704e+02
5.709000000000000341e+01
5.881000000000003070e+01
8.895000000000004547e+01
4.453999999999996362e+01
6.064900000000000091e+02
1.017299999999999898e+02
5.954000000000002046e+01
4.083900000000000432e+02
1.002999999999999545e+02
4.340999999999996817e+01
1.613800000000000239e+02
4.561299999999999955e+02
4.834000000000003183e+01
2.151100000000000136e+02
9.785999999999989996e+01
5.943999999999999773e+01
5.862000000000003297e+01
2.396600000000000250e+02
4.681500000000000909e+02
1.060199999999999818e+02
1.165000000000000284e+02
8.008000000000004093e+01
3.321799999999999500e+02
5.972999999999998977e+01
6.059100000000000819e+02
2.469300000000000068e+02
2.091599999999999966e+02
2.041999999999999886e+02
1.063400000000000318e+02
4.470999999999997954e+01
4.544399999999999977e+02
2.400599999999999454e+02
1.668000000000000682e+02
1.033700000000000045e+02
4.555600000000000023e+02
1.040500000000000114e+02
5.840999999999999659e+01
1.047199999999999704e+02
1.152599999999999909e+02
4.559600000000000364e+02
5.615999999999996817e+01
1.627400000000000091e+02
4.915999999999999659e+01
1.138500000000000227e+02
3.796000000000000796e+01
2.459399999999999693e+02
1.489300000000000068e+02
4.563799999999999955e+02
8.766999999999998749e+01
1.163499999999999943e+02
1.990800000000000409e+02
3.915999999999996817e+01
1.297799999999999727e+02
4.077000000000009550e+01
1.160500000000000114e+02
1.056399999999999864e+02
3.041500000000000341e+02
1.404900000000000091e+02
5.529999999999995453e+01
5.900000000000000000e+01
4.550099999999999909e+02
9.375000000000000000e+01
2.494100000000000250e+02
1.514100000000000250e+02
4.266999999999995907e+01
2.049499999999999886e+02
2.077900000000000205e+02
3.569099999999999682e+02
1.847000000000000455e+02
5.571000000000000796e+01
1.249400000000000261e+02
2.363500000000000227e+02
2.095199999999999818e+02
5.513700000000001182e+02
5.510399999999999636e+02
5.245499999999999545e+02
4.780000000000006821e+01
5.386699999999999591e+02
2.957200000000000273e+02
3.096499999999999773e+02
5.948000000000001819e+01
4.630099999999999909e+02
1.054600000000000364e+02
1.410900000000000318e+02
4.386000000000001364e+01
1.155799999999999841e+02
1.694200000000000728e+02
2.420399999999999636e+02
2.456500000000000341e+02
3.698100000000000023e+02
2.020699999999999932e+02
4.491499999999999773e+02
4.405799999999999841e+02
3.602200000000000841e+02
5.354000000000002046e+01
8.603999999999996362e+01
1.057300000000000182e+02
4.406000000000000227e+01
2.591700000000000159e+02
1.912699999999999818e+02
2.381600000000000250e+02
3.694099999999999682e+02
3.198100000000000591e+02
3.363999999999992951e+01
5.142799999999999727e+02
9.356000000000005912e+01
1.464500000000000455e+02
3.104399999999999409e+02
1.160600000000000023e+02
4.579999999999995453e+01
2.480599999999999739e+02
1.061700000000000159e+02
1.170600000000000023e+02
4.034899999999999523e+02
5.221000000000003638e+01
2.010600000000000023e+02
2.545500000000000114e+02
5.771999999999997044e+01
5.853999999999999204e+01
1.047699999999999818e+02
9.010999999999998522e+01
4.700999999999999091e+01
2.856100000000000136e+02
6.296000000000003638e+01
3.225399999999999636e+02
1.157100000000000080e+02
1.048900000000000148e+02
5.715999999999999659e+01
6.084199999999999591e+02
1.491299999999999955e+02
1.217000000000000171e+02
1.147400000000000375e+02
4.555899999999999750e+02
5.657999999999998408e+01
5.888999999999998636e+01
6.466000000000002501e+01
3.061900000000000546e+02
1.497900000000000205e+02
4.576000000000000227e+02
6.334000000000003183e+01
8.508999999999997499e+01
2.267100000000000080e+02
5.856999999999999318e+01
1.073300000000000409e+02
9.775999999999999091e+01
4.566300000000000523e+02
9.460000000000002274e+01
5.631000000000000227e+01
5.778000000000002956e+01
1.074099999999999682e+02
4.403000000000002956e+01
5.575999999999999091e+01
1.092100000000000364e+02
9.712000000000000455e+01
1.100099999999999341e+02
1.323400000000000034e+02
5.593999999999999773e+01
5.145800000000000409e+02
4.094099999999999682e+02
1.406500000000000909e+02
1.001800000000000637e+02
5.609999999999999432e+01
5.973999999999998067e+01
1.489100000000000250e+02
4.005699999999999932e+02
5.862999999999999545e+01
2.042100000000000080e+02
5.033099999999999454e+02
2.580300000000000296e+02
2.555300000000000296e+02
4.920999999999992269e+01
1.026900000000000546e+02
5.321000000000003638e+01
2.974099999999999682e+02
2.163899999999999864e+02
9.461000000000001364e+01
2.106899999999999977e+02
3.023700000000000614e+02
1.536799999999999500e+02
4.546999999999999886e+02
9.745000000000004547e+01
4.115699999999999932e+02
5.483299999999999272e+02
