3.904200000000000159e+02
8.702999999999997272e+01
9.146000000000000796e+01
2.965499999999999545e+02
4.234000000000000341e+02
1.488199999999999932e+02
5.538999999999998636e+01
8.917999999999997840e+01
3.031100000000000705e+02
1.783099999999999454e+02
9.333000000000004093e+01
2.533200000000000216e+02
3.752199999999999704e+02
1.400800000000000409e+02
6.308299999999999272e+02
9.242000000000001592e+01
6.338999999999998636e+01
3.594199999999999591e+02
3.060199999999999818e+02
6.658999999999991815e+01
4.182600000000001046e+02
1.466699999999999875e+02
1.525500000000000114e+02
3.711800000000000637e+02
5.112000000000000455e+01
5.847999999999990450e+01
4.824399999999999409e+02
9.182000000000005002e+01
4.350199999999999818e+02
2.971399999999999864e+02
1.121899999999999977e+02
5.800799999999999272e+02
1.391500000000000909e+02
7.175099999999999909e+02
5.920000000000004547e+01
4.226700000000000159e+02
5.764999999999997726e+01
4.473700000000000045e+02
3.597799999999999727e+02
4.667000000000001592e+01
1.470200000000000102e+02
5.240499999999999545e+02
5.001999999999998181e+01
3.225800000000000409e+02
5.747699999999999818e+02
3.193099999999999454e+02
1.543999999999999773e+02
5.736700000000000728e+02
5.905999999999994543e+01
4.796500000000000341e+02
2.221399999999999864e+02
9.431000000000000227e+01
9.418999999999999773e+01
5.006000000000000227e+01
5.739200000000000728e+02
5.864999999999997726e+01
6.204000000000002046e+01
2.550699999999999932e+02
9.250000000000000000e+01
9.412699999999999818e+02
2.052600000000000193e+02
9.278999999999996362e+01
1.593199999999999932e+02
3.203300000000000409e+02
2.982699999999999818e+02
4.205099999999999909e+02
2.695299999999999727e+02
1.540600000000000023e+02
2.830399999999999636e+02
8.844000000000005457e+01
1.038600000000000136e+02
6.330599999999999454e+02
4.802399999999999523e+02
2.968000000000000114e+02
4.803899999999999864e+02
6.685699999999999363e+02
5.042000000000007276e+01
5.938999999999998636e+01
1.976499999999999773e+02
4.402999999999997272e+01
1.113399999999999750e+02
4.198200000000000500e+02
3.232700000000000387e+02
1.549800000000000182e+02
4.162099999999999227e+02
2.972999999999999545e+02
5.679500000000000455e+02
3.107699999999999818e+02
3.608700000000000045e+02
1.100899999999999750e+02
9.200999999999999091e+01
2.398000000000000682e+02
1.323299999999999272e+02
5.012999999999999545e+01
5.835000000000002274e+01
7.701799999999999500e+02
4.772999999999996135e+01
4.689000000000000341e+02
4.706999999999999318e+01
6.133000000000004093e+01
1.780699999999999363e+02
4.669100000000000250e+02
3.980800000000000409e+02
1.332900000000000205e+02
1.950500000000000114e+02
1.083799999999999386e+02
2.691800000000000637e+02
2.049700000000000273e+02
4.494999999999998863e+01
4.699600000000000364e+02
5.897000000000002728e+01
2.640300000000000296e+02
1.090199999999999818e+02
1.961700000000000159e+02
4.332999999999999545e+02
8.026599999999999682e+02
3.056399999999999864e+02
4.754999999999998295e+01
2.055000000000000284e+02
9.272999999999996135e+01
7.704700000000000273e+02
4.974000000000000909e+01
2.043900000000000148e+02
5.149300000000000637e+02
5.847000000000002728e+01
2.096700000000000159e+02
5.297000000000002728e+01
3.161000000000001364e+01
6.521399999999999864e+02
4.196499999999999773e+02
4.559200000000000159e+02
4.234000000000000341e+02
4.158700000000000045e+02
3.908000000000001251e+01
3.156999999999999886e+02
4.629000000000002046e+01
4.720999999999997954e+01
3.716499999999999773e+02
3.299599999999999795e+02
3.305199999999999818e+02
1.984100000000000819e+02
6.229000000000002046e+01
3.592699999999999818e+02
5.849000000000000909e+01
1.506899999999999977e+02
3.686100000000000705e+02
1.118799999999999955e+02
6.331399999999999864e+02
9.318999999999996930e+01
2.039200000000000159e+02
4.223400000000000318e+02
5.971000000000003638e+01
1.530199999999999818e+02
3.710600000000000023e+02
9.137000000000000455e+01
2.144799999999999613e+02
3.094600000000000364e+02
5.109000000000003183e+01
5.632999999999992724e+01
8.957500000000000000e+02
1.503799999999999955e+02
5.175999999999999091e+01
1.513399999999999750e+02
2.801600000000000250e+02
1.406800000000000637e+02
5.897999999999990450e+01
3.212899999999999636e+02
6.159400000000000546e+02
6.304800000000000182e+02
4.943999999999999773e+01
6.043999999999999773e+01
9.245999999999997954e+01
3.328100000000000591e+02
1.485399999999999636e+02
3.053099999999999454e+02
9.570000000000001705e+01
1.580500000000000114e+02
2.057799999999999727e+02
1.539800000000000182e+02
4.954999999999995453e+01
2.971899999999999977e+02
3.588300000000000409e+02
4.180099999999999909e+02
8.960999999999998522e+01
6.342000000000000455e+02
9.287000000000000455e+01
1.086200000000000045e+02
1.478000000000000114e+02
2.120400000000000205e+02
5.127999999999997272e+01
1.508299999999999841e+02
4.609999999999996589e+01
4.220799999999999841e+02
5.793000000000006366e+01
3.109500000000000455e+02
5.712999999999999545e+01
2.141299999999999955e+02
2.658799999999999955e+02
4.866999999999998749e+01
1.449799999999999898e+02
1.541700000000000159e+02
3.581299999999999955e+02
5.358000000000001251e+01
2.135599999999999454e+02
3.083500000000000227e+02
1.102500000000000000e+02
5.244800000000000182e+02
1.511499999999999773e+02
4.810800000000000409e+02
5.159300000000000637e+02
5.556999999999993634e+01
2.071699999999999591e+02
3.100099999999999909e+02
5.721000000000003638e+01
1.975900000000000034e+02
6.315899999999999181e+02
4.858000000000004093e+01
4.794700000000000273e+02
5.396000000000000796e+01
4.072299999999999613e+02
2.585099999999999909e+02
2.978400000000000318e+02
2.075299999999999727e+02
4.647600000000000477e+02
1.166499999999999915e+02
5.546999999999999886e+01
8.994999999999998863e+01
3.601200000000000614e+02
4.160000000000000000e+02
6.133000000000004093e+01
1.772400000000000091e+02
4.361999999999989086e+01
3.489900000000000091e+02
3.245100000000000477e+02
9.598000000000001819e+01
2.028800000000000239e+02
9.262999999999999545e+01
3.290500000000000114e+02
1.522999999999999545e+02
7.190299999999999727e+02
3.301300000000000523e+02
9.163999999999998636e+01
2.154700000000000273e+02
9.901999999999998181e+01
1.955999999999999659e+02
2.636399999999999864e+02
2.308000000000000114e+02
2.498200000000000216e+02
4.700600000000000023e+02
1.150799999999999983e+02
1.454500000000000171e+02
4.800299999999999727e+02
4.558100000000000023e+02
6.332000000000005002e+01
4.158299999999999272e+02
3.541500000000000341e+02
4.808899999999999864e+02
3.611999999999999318e+02
1.474499999999999886e+02
4.285300000000000296e+02
1.454099999999999682e+02
5.722000000000002728e+01
3.451800000000000068e+02
6.451000000000004775e+01
4.179799999999999045e+02
1.459200000000000159e+02
2.135099999999999341e+02
2.212300000000000182e+02
4.959000000000000341e+01
9.454999999999998295e+01
1.096800000000000068e+02
2.583100000000000023e+02
9.288000000000002387e+01
1.518399999999999750e+02
4.213900000000000432e+02
4.557999999999998408e+01
5.101000000000010459e+01
3.482200000000000273e+02
6.067000000000001592e+01
1.025599999999999454e+02
7.677000000000009550e+01
9.225999999999999091e+01
3.992999999999994998e+01
3.630900000000000318e+02
9.287999999999999545e+01
4.806499999999999773e+02
3.041199999999999477e+02
3.291099999999999568e+02
1.401100000000000136e+02
5.650000000000000000e+01
5.781999999999999318e+01
1.551200000000000045e+02
1.453899999999999864e+02
1.499300000000000068e+02
3.737599999999999909e+02
2.454800000000000182e+02
6.031999999999993634e+01
3.123799999999999955e+02
5.021000000000003638e+01
5.859000000000003183e+01
9.558000000000001251e+01
5.074000000000000909e+01
3.082499999999999432e+02
1.483100000000000023e+02
1.520099999999999909e+02
2.010999999999999659e+02
1.447600000000000193e+02
2.133199999999999932e+02
3.664599999999999795e+02
5.123600000000001273e+02
9.253999999999999204e+01
1.351200000000000045e+02
9.195000000000001705e+01
1.518799999999999955e+02
1.593799999999999955e+02
1.447800000000000011e+02
4.360199999999999818e+02
2.178600000000000136e+02
9.356000000000000227e+01
1.498399999999999750e+02
4.813299999999999841e+02
1.539600000000000364e+02
4.218000000000000114e+02
1.930199999999999818e+02
1.537900000000000205e+02
4.802900000000000205e+02
4.190200000000000387e+02
3.620599999999999454e+02
4.107699999999999818e+02
3.076600000000000819e+02
5.979999999999995453e+01
6.206599999999999682e+02
4.061000000000001364e+01
1.543200000000000500e+02
3.600399999999999636e+02
1.473900000000000148e+02
5.989999999999997726e+01
3.033400000000000318e+02
1.035900000000000318e+02
4.658999999999997499e+01
6.150000000000005684e+01
3.558199999999999363e+02
4.578100000000000023e+02
4.221899999999999977e+02
1.610099999999999909e+02
1.450799999999999841e+02
1.505500000000000114e+02
1.115600000000000023e+02
1.708899999999999864e+02
1.214600000000000080e+02
6.302300000000000182e+02
5.231699999999999591e+02
5.050000000000000000e+01
4.805999999999999659e+02
4.067999999999999972e+01
3.697700000000000387e+02
2.933000000000000114e+02
6.404999999999995453e+01
1.766700000000000728e+02
1.052599999999999909e+02
4.677699999999999818e+02
3.644499999999999886e+02
4.615999999999996817e+01
1.618600000000000136e+02
3.642799999999999727e+02
4.178000000000002956e+01
2.013700000000000045e+02
4.781500000000000341e+02
2.976000000000000227e+02
4.868999999999999773e+01
4.176800000000000068e+02
5.122000000000002728e+01
5.783999999999991815e+01
1.503399999999999750e+02
6.689000000000000057e+01
3.470099999999999909e+02
2.145000000000000000e+02
1.561600000000000250e+02
4.640999999999996817e+01
3.017300000000000182e+02
1.538899999999999864e+02
2.416500000000000057e+02
4.212699999999999818e+02
2.385399999999999636e+02
2.407800000000000864e+02
4.075799999999999841e+02
3.617000000000000455e+02
5.721999999999997044e+01
2.870200000000000387e+02
1.368899999999999864e+02
1.505900000000000318e+02
2.024300000000000068e+02
6.030999999999994543e+01
5.083000000000004093e+01
2.600700000000000500e+02
5.092999999999994998e+01
2.052500000000000000e+02
9.179000000000002046e+01
6.178999999999996362e+01
1.745099999999999909e+02
2.444300000000000637e+02
1.042599999999999909e+02
4.191800000000000068e+02
2.021800000000000068e+02
3.258400000000000318e+02
4.345499999999999545e+02
1.092400000000000091e+02
2.261100000000000136e+02
1.509600000000000364e+02
1.986199999999999477e+02
2.825099999999999909e+02
3.781700000000000159e+02
3.011899999999999977e+02
4.678999999999999773e+02
6.059000000000003183e+01
1.949900000000000375e+02
5.225699999999999363e+02
5.193999999999994088e+01
3.271300000000000523e+02
1.493000000000000114e+02
6.266999999999995907e+01
4.816999999999995907e+01
6.057000000000005002e+01
2.459699999999999704e+02
4.198200000000000500e+02
7.199199999999999591e+02
5.795000000000004547e+01
6.142999999999994998e+01
5.300000000000000000e+01
1.239300000000000637e+02
2.421399999999999864e+02
2.489899999999999807e+02
4.686899999999999977e+02
2.095000000000000284e+02
5.142999999999994998e+01
5.706000000000001364e+02
1.770699999999999363e+02
2.432400000000000091e+02
1.446599999999999966e+02
1.051599999999999682e+02
4.658000000000004093e+01
4.214800000000000182e+02
2.977400000000000091e+02
2.976399999999999864e+02
3.713700000000000614e+02
3.814200000000000159e+02
4.208000000000000114e+02
4.911000000000001364e+01
6.278000000000000682e+02
3.346300000000000523e+02
5.274499999999999318e+02
2.276200000000000330e+02
1.060999999999999659e+02
3.762400000000000091e+02
5.278599999999999000e+02
3.742099999999999795e+02
1.399700000000000273e+02
9.132999999999998408e+01
4.807400000000000659e+02
1.456400000000000148e+02
5.730000000000001137e+01
4.704999999999995453e+01
4.755000000000001137e+01
4.804399999999999977e+02
5.190999999999999659e+01
2.036299999999999955e+02
9.312999999999999545e+01
5.488999999999998636e+01
8.980000000000003979e+01
3.191299999999999955e+02
4.116499999999999773e+02
1.765000000000001137e+02
1.335799999999999272e+02
4.985000000000002274e+01
5.833000000000004093e+01
1.968500000000000227e+02
5.189199999999999591e+02
1.129700000000000273e+02
2.592799999999999727e+02
1.085000000000000000e+02
2.154300000000000068e+02
3.862000000000000455e+01
1.543600000000000136e+02
4.532999999999998408e+01
4.211300000000000523e+02
8.367300000000000182e+02
1.116900000000000546e+02
5.986000000000001364e+01
1.023899999999999864e+02
2.593899999999999864e+02
6.264200000000000728e+02
5.768000000000000682e+01
4.706000000000000227e+01
4.711000000000001364e+01
6.013999999999992951e+01
1.781100000000000136e+02
1.829300000000000637e+02
2.554900000000000091e+02
2.017400000000000091e+02
3.708699999999999477e+02
1.064800000000000182e+02
8.823399999999999181e+02
4.824899999999999523e+02
9.061000000000001364e+01
6.232999999999992724e+01
4.952000000000003865e+01
1.059300000000000068e+02
2.055999999999999659e+02
2.556800000000000637e+02
5.031999999999999318e+01
9.478000000000000114e+01
5.775000000000000000e+01
3.771000000000000227e+02
2.648000000000000114e+02
9.394000000000005457e+01
4.218699999999999477e+02
2.173799999999999955e+02
3.068799999999999955e+02
4.155999999999997385e+01
2.027800000000000296e+02
4.209800000000000182e+02
3.481800000000000068e+02
4.802700000000000387e+02
3.051800000000000068e+02
1.510899999999999750e+02
2.013299999999999841e+02
2.779600000000000364e+02
5.295199999999999818e+02
9.512000000000000455e+01
1.572599999999999909e+02
9.404999999999998295e+01
6.851800000000000637e+02
1.518400000000000318e+02
1.528899999999999864e+02
3.681699999999999591e+02
5.267000000000007276e+01
5.930999999999994543e+01
1.470400000000000205e+02
2.131299999999999386e+02
6.624000000000000909e+02
1.986399999999999864e+02
1.816599999999999682e+02
2.526399999999999864e+02
9.293999999999999773e+01
4.810899999999999750e+02
2.268199999999999932e+02
5.737100000000000364e+02
5.898000000000001819e+01
2.053199999999999932e+02
8.751999999999998181e+01
4.413400000000000318e+02
2.973500000000000227e+02
4.804199999999999591e+02
2.018200000000000216e+02
2.043400000000000034e+02
4.814799999999999613e+02
4.870999999999997954e+01
1.462599999999999909e+02
5.713000000000005230e+01
1.564900000000000091e+02
3.937300000000000750e+02
2.389299999999999500e+02
1.096800000000000637e+02
4.133800000000000523e+02
5.808099999999999454e+02
1.384900000000000091e+02
2.822199999999999704e+02
3.477799999999999727e+02
1.114500000000000455e+02
2.018499999999999659e+02
4.799800000000000750e+02
7.473000000000000398e+01
1.101099999999999568e+02
1.271800000000000637e+02
1.841999999999999318e+02
6.271000000000000227e+02
1.507100000000000364e+02
5.878000000000008640e+01
5.342799999999999727e+02
5.803700000000000045e+02
1.391200000000000045e+02
5.836000000000001364e+01
1.552999999999999545e+02
2.200300000000000864e+02
8.844999999999993179e+01
4.878000000000002956e+01
6.182999999999998408e+01
2.206000000000000227e+02
4.778999999999996362e+01
1.953100000000000023e+02
3.042699999999999818e+02
2.191799999999999500e+02
2.413600000000000136e+02
2.413999999999999773e+02
8.800000000000000000e+01
1.515899999999999750e+02
4.226600000000000250e+02
5.637000000000000455e+01
3.573899999999999864e+02
3.104900000000000091e+02
2.038000000000000682e+02
5.989999999999997726e+01
9.218000000000000682e+01
2.822100000000000364e+02
1.396999999999999318e+02
9.191999999999998749e+01
5.235000000000000000e+02
5.160000000000002274e+01
4.332900000000000205e+02
8.794000000000005457e+01
5.150999999999999091e+01
4.814600000000000364e+02
2.414699999999999136e+02
4.946999999999999886e+01
3.594099999999999682e+02
4.184300000000000637e+02
8.276800000000000637e+02
1.109000000000000057e+02
4.843000000000000682e+01
2.029699999999999989e+02
1.552300000000000182e+02
5.433000000000001251e+01
9.276000000000001933e+01
6.318499999999999091e+02
4.765000000000000568e+01
9.645999999999997954e+01
1.064000000000000341e+02
4.281899999999999977e+02
5.782999999999998408e+01
9.336000000000001364e+01
3.713799999999999386e+02
2.979399999999999977e+02
6.158000000000004093e+01
2.198500000000000227e+02
1.412099999999999227e+02
5.578000000000008640e+01
4.962999999999999545e+01
5.181999999999999318e+01
9.410999999999998522e+01
1.460800000000000125e+02
5.735699999999999363e+02
3.706999999999999886e+02
5.734900000000000091e+02
5.850000000000000000e+01
1.452899999999999920e+02
1.518900000000000432e+02
6.220999999999992269e+01
3.517900000000000773e+02
6.639999999999997726e+01
1.076700000000000159e+02
2.985000000000000000e+02
8.484999999999999432e+01
7.186100000000001273e+02
6.196999999999997044e+01
4.606999999999999318e+01
4.726000000000004775e+01
2.829000000000000341e+02
4.750999999999999091e+01
1.055000000000000000e+02
2.423399999999999750e+02
5.989999999999997726e+01
6.689700000000000273e+02
8.228999999999996362e+01
4.195000000000000284e+01
1.153300000000000125e+02
2.969699999999999704e+02
6.143000000000000682e+02
4.931000000000000227e+01
5.521000000000000796e+01
2.430800000000000125e+02
1.054699999999999704e+02
3.161599999999999682e+02
2.514599999999999227e+02
5.946000000000003638e+01
4.815700000000000500e+02
3.718199999999999932e+02
1.096699999999999591e+02
5.810999999999989996e+01
4.575299999999999727e+02
8.292900000000000773e+02
4.698000000000001819e+01
2.001700000000000159e+02
1.691399999999999864e+02
9.012999999999999545e+01
2.333100000000000591e+02
9.566999999999995907e+01
5.784000000000003183e+01
5.032999999999998408e+01
2.153899999999999864e+02
2.173200000000000500e+02
1.995900000000000318e+02
1.582100000000000080e+02
2.499800000000000182e+02
4.764999999999997726e+01
4.210400000000000205e+02
1.434799999999999898e+02
1.541400000000000432e+02
3.654800000000000182e+02
9.369999999999998863e+01
5.116000000000002501e+01
5.234700000000000273e+02
1.470000000000000284e+02
2.611499999999999773e+02
3.115099999999999909e+02
2.975200000000000387e+02
2.813400000000000318e+02
1.574600000000000080e+02
6.279099999999999682e+02
7.196599999999999682e+02
2.514800000000000182e+02
3.296399999999999295e+02
1.389000000000000909e+02
5.933999999999991815e+01
9.316000000000002501e+01
4.208800000000000523e+02
4.154500000000000455e+02
3.726599999999999682e+02
4.848000000000001819e+01
5.878999999999996362e+01
4.541000000000002501e+01
4.716000000000002501e+01
1.976499999999999773e+02
4.223700000000000045e+02
1.442800000000000296e+02
5.744199999999999591e+02
5.201000000000004775e+01
1.510199999999999818e+02
4.803000000000000114e+02
5.499000000000000909e+01
1.496800000000000068e+02
4.643699999999999477e+02
1.097500000000000000e+02
2.037599999999999909e+02
2.009300000000000068e+02
2.791299999999999955e+02
2.231299999999999955e+02
5.977000000000009550e+01
3.466200000000000045e+02
6.235000000000002274e+01
3.596299999999999955e+02
1.136700000000000159e+02
3.086499999999999773e+02
1.094100000000000250e+02
2.187300000000000182e+02
2.606999999999999886e+02
1.574600000000000364e+02
4.222700000000000387e+02
5.725000000000000000e+01
1.081299999999999955e+02
9.307999999999998408e+01
4.799799999999999613e+02
2.639699999999999704e+02
2.016500000000000057e+02
3.371200000000000045e+02
2.072899999999999636e+02
3.290900000000000318e+02
4.863999999999998636e+01
2.808599999999999568e+02
1.405400000000000773e+02
4.179400000000000546e+02
8.091499999999999773e+02
6.310399999999999636e+02
1.520099999999999909e+02
5.009000000000003183e+01
5.947999999999990450e+01
1.447400000000000375e+02
2.142299999999999613e+02
1.452399999999999807e+02
5.734200000000000728e+02
1.439799999999999898e+02
1.056200000000000045e+02
5.259200000000000728e+02
1.078100000000000023e+02
7.184000000000000909e+02
3.477699999999999818e+02
1.114800000000000182e+02
9.571999999999999886e+01
5.253000000000000114e+01
1.977700000000000102e+02
5.293599999999999000e+02
2.827800000000000296e+02
2.619700000000000273e+02
2.826799999999999500e+02
2.303600000000000136e+02
1.528199999999999932e+02
2.349399999999999977e+02
1.866299999999999955e+02
2.150900000000000318e+02
4.176200000000000045e+02
4.594000000000005457e+01
5.556000000000000227e+01
8.913999999999998636e+01
5.239200000000000728e+02
5.050999999999999091e+01
4.638500000000000227e+02
2.054900000000000091e+02
1.094800000000000182e+02
1.442600000000000193e+02
1.959399999999999977e+02
1.506100000000000136e+02
1.107899999999999636e+02
2.603799999999999955e+02
5.091000000000008185e+01
1.263700000000000045e+02
2.418400000000000318e+02
7.388400000000000318e+02
1.387699999999999818e+02
2.459899999999999807e+02
3.285000000000000568e+02
9.328999999999996362e+01
