3.260499999999999545e+02
1.932000000000000455e+02
2.989099999999999682e+02
5.635000000000000853e+01
4.187799999999999727e+02
3.521900000000000546e+02
4.175300000000000296e+02
3.000000000000000000e+02
7.741999999999995907e+01
2.091999999999999886e+02
1.052199999999999989e+02
3.708100000000000023e+02
4.555999999999997385e+01
4.327500000000000568e+02
1.975800000000000409e+02
2.110499999999999829e+02
1.423900000000000148e+02
7.718500000000000227e+02
5.446000000000003638e+01
2.395199999999999818e+02
1.916900000000000546e+02
5.830400000000000773e+02
5.541999999999995907e+01
4.741999999999995907e+01
8.910000000000002274e+01
1.049099999999999682e+02
1.931100000000000136e+02
2.609499999999999886e+02
3.697400000000000091e+02
8.798000000000001819e+01
1.127299999999999898e+02
7.363000000000000682e+02
2.534400000000000261e+02
1.967099999999999795e+02
9.575000000000000000e+01
1.264300000000000068e+02
2.972200000000000273e+02
2.101800000000000068e+02
4.436000000000001364e+01
6.694500000000000455e+02
1.653700000000000045e+02
6.103399999999999181e+02
5.242000000000007276e+01
1.008000000000000682e+02
8.900999999999999091e+01
1.389699999999999704e+02
4.863500000000000796e+02
5.578000000000000114e+01
4.196599999999999682e+02
5.421999999999997044e+01
1.437800000000000011e+02
5.729200000000000728e+02
5.298999999999999773e+02
7.627800000000000864e+02
3.296399999999999864e+02
1.899300000000000637e+02
5.839000000000000909e+02
1.889900000000000091e+02
1.873499999999999091e+02
1.072000000000000028e+02
9.020000000000001705e+01
2.206200000000000045e+02
4.834000000000000341e+02
5.262100000000000364e+02
5.341999999999995907e+01
3.221599999999999682e+02
5.728999999999999915e+01
4.723500000000000796e+02
2.448499999999999091e+02
7.658900000000001000e+02
1.422900000000000205e+02
1.377199999999999704e+02
2.924699999999999704e+02
3.949599999999999227e+02
1.527900000000000205e+02
4.555000000000001137e+01
7.041000000000000227e+02
5.585000000000000142e+01
1.993900000000000432e+02
6.166999999999995907e+01
1.585000000000000000e+02
5.582999999999999829e+01
5.271000000000000227e+02
1.025099999999999909e+02
3.276000000000000227e+02
1.890499999999999545e+02
3.275800000000000409e+02
1.921899999999999409e+02
4.712199999999999704e+02
5.395000000000004547e+01
1.982200000000000273e+02
3.280400000000000205e+02
1.033600000000000136e+02
1.859499999999999318e+02
2.981500000000000909e+02
2.207599999999999909e+02
1.609700000000000273e+02
2.959099999999999682e+02
4.465999999999996817e+01
1.090000000000000000e+02
7.180000000000000000e+02
5.743000000000000682e+01
7.176499999999999773e+02
4.188100000000000591e+02
2.981199999999999477e+02
3.210999999999999659e+02
1.866100000000000136e+02
6.416000000000002501e+01
2.583499999999999659e+02
5.576000000000000512e+01
2.254099999999999966e+02
9.759999999999996589e+01
2.312800000000000296e+02
2.960299999999999727e+02
8.447999999999999545e+02
1.603799999999999386e+02
2.546500000000000057e+02
2.204699999999999704e+02
5.850000000000000000e+02
2.421000000000000227e+02
2.554000000000000341e+02
2.202799999999999727e+02
1.001499999999999773e+02
2.225300000000000296e+02
2.414299999999999500e+02
4.921000000000003638e+01
1.402599999999999909e+02
1.421500000000000057e+02
6.120999999999997954e+01
6.456400000000001000e+02
4.911999999999999318e+02
9.972999999999998977e+01
4.746900000000000546e+02
5.231399999999999864e+02
1.397200000000000273e+02
5.400999999999999091e+01
1.987300000000000182e+02
5.718900000000001000e+02
1.325499999999999545e+02
9.039800000000000182e+02
5.784700000000000273e+02
3.204600000000000364e+02
4.335399999999999636e+02
5.819000000000001194e+01
5.247400000000000091e+02
3.771599999999999682e+02
5.733700000000000045e+02
8.215900000000000318e+02
5.922000000000001307e+01
3.382799999999999727e+02
2.897799999999999727e+02
1.418200000000000500e+02
1.412600000000000193e+02
4.746100000000000136e+02
5.313999999999998636e+01
5.376999999999998181e+01
1.886400000000001000e+02
4.777500000000000000e+02
1.057499999999999432e+02
4.173300000000000409e+02
1.973100000000000023e+02
9.791999999999995907e+01
6.062300000000000182e+02
1.976899999999999977e+02
7.038899999999999864e+02
3.708200000000000500e+02
5.402999999999997272e+01
2.966600000000000819e+02
1.542500000000000000e+02
2.650900000000000318e+02
5.722300000000000182e+02
2.555600000000000307e+02
6.316999999999995907e+01
2.758200000000000500e+02
1.071299999999999955e+02
5.390000000000003411e+01
6.380199999999999818e+02
4.870000000000004547e+01
1.521000000000000227e+02
3.748100000000000591e+02
3.762999999999999545e+02
5.600000000000000000e+01
4.186599999999999682e+02
1.085799999999999841e+02
3.953200000000000500e+02
1.337200000000000273e+02
2.458199999999999363e+02
1.510399999999999636e+02
3.183000000000004093e+01
7.739300000000000637e+02
2.557500000000000000e+02
2.749400000000000546e+02
7.696799999999999500e+02
1.119299999999999926e+02
3.240199999999999818e+02
3.383600000000000136e+02
1.966999999999999886e+02
3.890000000000003411e+01
1.063299999999999841e+02
2.979199999999999591e+02
4.279000000000007731e+01
1.595599999999999454e+02
1.391600000000000819e+02
1.530199999999999818e+02
4.195899999999999750e+02
1.590699999999999932e+02
1.384100000000000819e+02
5.505999999999994543e+01
2.661200000000000045e+02
3.482599999999999909e+02
1.314300000000000637e+02
4.320700000000000500e+02
8.680999999999994543e+01
6.312400000000000091e+02
1.553600000000000136e+02
2.081700000000000159e+02
1.428100000000000307e+02
1.259799999999999613e+02
5.303999999999996362e+01
5.231000000000005912e+01
5.228399999999999181e+02
5.032999999999998408e+01
1.420799999999999272e+02
6.234900000000000091e+02
7.743999999999999773e+02
1.414000000000000057e+02
2.952000000000000455e+02
1.058100000000000023e+02
4.736900000000000546e+02
8.959999999999999432e+01
5.162599999999999909e+02
1.541100000000000136e+02
2.208500000000000227e+02
5.461999999999994770e+01
5.252300000000000182e+02
3.795899999999999181e+02
5.243000000000000682e+01
1.880599999999999739e+02
1.247200000000000273e+02
4.683999999999997499e+01
2.199799999999999613e+02
1.579099999999999966e+02
1.564500000000000455e+02
1.636500000000000057e+02
1.504500000000000171e+02
1.989000000000000341e+02
6.360999999999995680e+01
1.578600000000000136e+02
2.104399999999999977e+02
1.949900000000000091e+02
7.935000000000002274e+01
1.626600000000000250e+02
2.743699999999999477e+02
5.028000000000008640e+01
2.465099999999999909e+02
1.974700000000000273e+02
5.210099999999999909e+02
5.705000000000001137e+01
4.175099999999999909e+02
2.121800000000000068e+02
1.406200000000000045e+02
2.221800000000000068e+02
1.598000000000000114e+02
1.560900000000000318e+02
1.952699999999999818e+02
5.213999999999998636e+01
3.770900000000000318e+02
1.026299999999999955e+02
5.315299999999999727e+02
5.848100000000000591e+02
1.649399999999999977e+02
9.806999999999999318e+01
3.334800000000000182e+02
1.614900000000000091e+02
4.998000000000001819e+01
1.403899999999999864e+02
2.703899999999999864e+02
5.759000000000000909e+02
8.867999999999994998e+01
4.311599999999999682e+02
1.431300000000000239e+02
1.232199999999999704e+02
5.135999999999995680e+01
2.999000000000000909e+02
1.313199999999999363e+02
5.406000000000005912e+01
1.628899999999999864e+02
2.583100000000000023e+02
2.535999999999999943e+02
1.277800000000000296e+02
5.560000000000000853e+01
5.727100000000000364e+02
5.701800000000000637e+02
4.400999999999999091e+01
5.641700000000000728e+02
5.879999999999999716e+01
9.016200000000001182e+02
1.971500000000000341e+02
5.836999999999999744e+01
2.563900000000000432e+02
2.155800000000000409e+02
5.268999999999994088e+01
9.834999999999999432e+01
4.261200000000000045e+02
1.378400000000000318e+02
5.296000000000003638e+01
5.816000000000001080e+01
1.062000000000000028e+02
5.221499999999999773e+02
3.785700000000000500e+02
4.181800000000000068e+02
1.561599999999999682e+02
2.109399999999999977e+02
4.245000000000001705e+01
2.233100000000000023e+02
1.861499999999999773e+02
1.052300000000000040e+02
7.145800000000000409e+02
2.097800000000000296e+02
8.771999999999991360e+01
1.507300000000000182e+02
5.798000000000000398e+01
2.411500000000000057e+02
1.226899999999999977e+02
4.380500000000000114e+02
2.016200000000000045e+02
5.084999999999999432e+01
6.106600000000000819e+02
1.093400000000000318e+02
3.762300000000000182e+02
2.097700000000000102e+02
4.328999999999999204e+01
2.234500000000000455e+02
1.408500000000000227e+02
5.209000000000000909e+02
4.841400000000000432e+02
5.232000000000005002e+01
1.391599999999999682e+02
1.051700000000000728e+02
4.739499999999999318e+02
4.725900000000000318e+02
5.221000000000003638e+01
5.840899999999999181e+02
2.956100000000000136e+02
2.542400000000000091e+02
4.831499999999999773e+02
2.221200000000000045e+02
1.966400000000000432e+02
3.295799999999999841e+02
5.018999999999994088e+01
1.406400000000001000e+02
5.253999999999996362e+01
1.141700000000000159e+02
4.959000000000000341e+01
1.547199999999999704e+02
1.597000000000000455e+02
2.543700000000000045e+02
1.400199999999999818e+02
2.925000000000000568e+02
4.194100000000000250e+02
2.987800000000000296e+02
1.856499999999999773e+02
5.426999999999999602e+01
4.731299999999999955e+02
2.444500000000000455e+02
3.519099999999999682e+02
5.708000000000000540e+01
4.167300000000000182e+02
4.822400000000000091e+02
1.915900000000000318e+02
5.733400000000000318e+02
5.010000000000002274e+01
9.056000000000000227e+01
2.006199999999999477e+02
3.287699999999999818e+02
3.883400000000000318e+02
4.185799999999999841e+02
3.522500000000000000e+02
1.300199999999999818e+02
6.864199999999999591e+02
2.736299999999999955e+02
3.183899999999999864e+02
6.826999999999998181e+01
8.929000000000002046e+01
2.971500000000000341e+02
5.427999999999997272e+01
4.714100000000000819e+02
2.442899999999999636e+02
5.272000000000002728e+01
5.307100000000000364e+02
2.447599999999999909e+02
2.564800000000000182e+02
3.281199999999999477e+02
1.914700000000000273e+02
4.534999999999999432e+01
2.221000000000000227e+02
3.229299999999999500e+02
1.459200000000000159e+02
1.650000000000000000e+02
1.614900000000000091e+02
9.044400000000000546e+02
3.507500000000000000e+02
5.752799999999999727e+02
9.621900000000000546e+02
2.214399999999999977e+02
1.067100000000000364e+02
1.030199999999999818e+02
8.906999999999993634e+01
5.167000000000007276e+01
5.429999999999995453e+01
4.277300000000000182e+02
4.857999999999992724e+01
4.180799999999999841e+02
5.182500000000000000e+02
5.611000000000000654e+01
4.202500000000000000e+02
4.834199999999999591e+02
4.230000000000000000e+02
4.459799999999999613e+02
7.944900000000000091e+02
5.438999999999999346e+01
2.007300000000000182e+02
2.748799999999999955e+02
4.296799999999999500e+02
2.563600000000000136e+02
5.196300000000001091e+02
2.413500000000000227e+02
4.452600000000000477e+02
3.804499999999999318e+02
2.549200000000000159e+02
4.297100000000000364e+02
7.967600000000001046e+02
2.542299999999999898e+02
9.933000000000004093e+01
1.227500000000000000e+02
5.729999999999999716e+01
4.182400000000000091e+02
5.818999999999999773e+01
1.966600000000000250e+02
5.204200000000000728e+02
1.851299999999999955e+02
6.340899999999999181e+02
1.412700000000000955e+02
4.771700000000000159e+02
9.027599999999999909e+02
2.549899999999999807e+02
3.285000000000000000e+02
5.710999999999999943e+01
1.076800000000000068e+02
2.280799999999999841e+02
1.918400000000000318e+02
8.752000000000009550e+01
5.794300000000000637e+02
2.608499999999999659e+02
7.401000000000004775e+01
3.462500000000000000e+02
1.071599999999999966e+02
6.084600000000000364e+02
1.003100000000000023e+02
2.829699999999999704e+02
1.906399999999999864e+02
5.467000000000007276e+01
6.085000000000000000e+02
4.730700000000000500e+02
2.565600000000000023e+02
2.214700000000000273e+02
5.177999999999997272e+01
2.713000000000000682e+02
9.963999999999998636e+01
1.070200000000000387e+02
5.432999999999992724e+01
2.965299999999999727e+02
1.424400000000000261e+02
1.416399999999999864e+02
1.867500000000000000e+02
4.828899999999999864e+02
1.993000000000000114e+02
2.213399999999999750e+02
9.022699999999999818e+02
1.645000000000000000e+02
9.110999999999998522e+01
9.609600000000000364e+02
9.135000000000002274e+01
2.750600000000000023e+02
2.981299999999999955e+02
5.297000000000002728e+01
6.165999999999999659e+01
2.592200000000000273e+02
1.584200000000000159e+02
1.127699999999999960e+02
7.697999999999999545e+02
2.599400000000000546e+02
2.665699999999999363e+02
2.445200000000000955e+02
1.317400000000000091e+02
7.710000000000002274e+01
1.065799999999999841e+02
2.443200000000000500e+02
5.051999999999998181e+01
1.215600000000000023e+02
2.097699999999999818e+02
2.748300000000000409e+02
2.553900000000000148e+02
4.708700000000000045e+02
3.514700000000000273e+02
3.657600000000001046e+02
2.092599999999999909e+02
4.665000000000003411e+01
1.401200000000000330e+02
3.839500000000000455e+02
4.200400000000000205e+02
5.238500000000000227e+02
1.050299999999999727e+02
6.451299999999999955e+02
1.325300000000000296e+02
1.052400000000000091e+02
3.632699999999999818e+02
1.610600000000000591e+02
2.559900000000000375e+02
4.256200000000000045e+02
1.468999999999999773e+02
1.642599999999999909e+02
9.116000000000002501e+01
4.765199999999999818e+02
1.600700000000000500e+02
1.374800000000000182e+02
2.593899999999999864e+02
2.131999999999999886e+02
1.988999999999999773e+02
5.949000000000000909e+01
3.788999999999998636e+01
1.214500000000000455e+02
5.450999999999993406e+01
3.787300000000000182e+02
3.396599999999999682e+02
5.675999999999999091e+01
5.140000000000000568e+01
9.024000000000003752e+01
2.756200000000000045e+02
4.283199999999999363e+02
2.436399999999999864e+02
1.757400000000000659e+02
4.169699999999999704e+02
3.317699999999999818e+02
5.856699999999999591e+02
3.417799999999999727e+02
4.758700000000000045e+02
1.040199999999999818e+02
1.206700000000000159e+02
1.099700000000000273e+02
1.019900000000000091e+02
1.951999999999999318e+02
4.695200000000000387e+02
5.459000000000001762e+01
4.179399999999999409e+02
1.558600000000000136e+02
5.717999999999999972e+01
4.197799999999999727e+02
2.104799999999999613e+02
8.832000000000005002e+01
1.461399999999999864e+02
5.550999999999999091e+01
2.029000000000000057e+02
1.599700000000000273e+02
1.517700000000000102e+02
4.617799999999999727e+02
1.853100000000000591e+02
1.956400000000000148e+02
2.235500000000000114e+02
1.609100000000000250e+02
2.879699999999999136e+02
5.418999999999999773e+01
2.007500000000000000e+02
3.282800000000000864e+02
5.032999999999992724e+01
5.116000000000002501e+01
4.187400000000000091e+02
1.759100000000000819e+02
3.492400000000000091e+02
2.937800000000000296e+02
1.250000000000000000e+02
5.263100000000000591e+02
4.195900000000000318e+02
2.981399999999999864e+02
2.682500000000000000e+02
3.287100000000000364e+02
2.555799999999999841e+02
3.278700000000000045e+02
4.724100000000000250e+02
2.450199999999999818e+02
1.948500000000000227e+02
1.856000000000000227e+02
1.410399999999999636e+02
2.533899999999999864e+02
6.286000000000000227e+02
4.201900000000000546e+02
2.077800000000000296e+02
2.407199999999999136e+02
5.757999999999999829e+01
5.769200000000000728e+02
6.041100000000000136e+02
1.138500000000000227e+02
7.877999999999997272e+01
1.813200000000000500e+02
2.493700000000000045e+02
5.150999999999999091e+01
9.103000000000000114e+01
1.811200000000000045e+02
3.985000000000002274e+01
3.658799999999999955e+02
4.497900000000000205e+02
4.724700000000000273e+02
1.563899999999999864e+02
1.057500000000000000e+02
4.950000000000000000e+01
2.560299999999999727e+02
2.214100000000000250e+02
1.595500000000000114e+02
1.386100000000000136e+02
1.023700000000000045e+02
3.126600000000000250e+02
6.368900000000001000e+02
3.182399999999999523e+02
1.089500000000000455e+02
4.213299999999999841e+02
2.551400000000000148e+02
1.440299999999999727e+02
4.730799999999999841e+02
1.570299999999999727e+02
4.764300000000000068e+02
4.607999999999992724e+01
1.979599999999999795e+02
2.750500000000000682e+02
5.746000000000000796e+01
4.719800000000000182e+02
5.421999999999991360e+01
9.782000000000005002e+01
2.775199999999999818e+02
7.607999999999999545e+02
9.841000000000002501e+01
1.747799999999999727e+02
4.203100000000000023e+02
3.766399999999999864e+02
4.643999999999999773e+01
5.197200000000000273e+02
1.847400000000000091e+02
4.761200000000000045e+02
1.068099999999999454e+02
1.029600000000000364e+02
1.424900000000000091e+02
1.641600000000000250e+02
1.884499999999999886e+02
1.238799999999999955e+02
5.771400000000001000e+02
1.225600000000000023e+02
1.077599999999999341e+02
2.219599999999999795e+02
2.990800000000000409e+02
3.826700000000000159e+02
1.894800000000000182e+02
5.324000000000000909e+01
4.198199999999999932e+02
2.210500000000000114e+02
5.295900000000000318e+02
1.575399999999999636e+02
3.622899999999999636e+02
1.079499999999999886e+02
1.965099999999999909e+02
2.738800000000000523e+02
2.410899999999999181e+02
1.979399999999999977e+02
9.908999999999997499e+01
1.216999999999999886e+02
1.621800000000000068e+02
4.914999999999997726e+01
2.751000000000000227e+02
6.277400000000000091e+02
4.989000000000001478e+01
4.545999999999997954e+01
6.267000000000001592e+01
7.716000000000002501e+01
2.917400000000000091e+02
6.867200000000000273e+02
5.857000000000000028e+01
2.971399999999999864e+02
4.326799999999999500e+02
1.987200000000000273e+02
5.728500000000000227e+02
4.765500000000000114e+02
5.033000000000001251e+01
3.146100000000000136e+02
4.473600000000000705e+02
6.251499999999999773e+02
8.047000000000002728e+01
5.776999999999999602e+01
5.577000000000001023e+01
2.736999999999999886e+02
5.507000000000005002e+01
4.653999999999996362e+01
1.807400000000000091e+02
3.376600000000000250e+02
1.133699999999999903e+02
1.413800000000000239e+02
2.749500000000000455e+02
2.435299999999999727e+02
2.100500000000000114e+02
2.655099999999999909e+02
3.505999999999999659e+02
5.341000000000008185e+01
5.851799999999999500e+02
1.894099999999999682e+02
1.029299999999999500e+02
2.216300000000000523e+02
2.984100000000000250e+02
3.169700000000000273e+02
1.600600000000000023e+02
5.204999999999995453e+01
8.284200000000000728e+02
8.486000000000001364e+01
5.466999999999995907e+01
7.165700000000000500e+02
5.825999999999999801e+01
1.070300000000000011e+02
3.113899999999999864e+02
2.552600000000000477e+02
3.281099999999999568e+02
7.118200000000000500e+02
2.552599999999999909e+02
3.296200000000000045e+02
1.902200000000000273e+02
