3.317500000000000000e+02
3.885299999999999727e+02
2.354900000000000091e+02
7.099500000000000455e+02
3.754499999999999886e+02
1.641700000000000159e+02
3.211799999999999500e+02
3.097400000000000091e+02
6.371000000000003638e+01
1.896699999999999591e+02
3.328700000000000045e+02
1.056899999999999977e+02
3.301600000000000250e+02
4.634999999999996589e+01
9.737999999999999545e+01
1.688100000000000307e+02
1.072299999999999613e+02
4.740200000000000387e+02
8.177099999999999227e+02
1.378000000000000682e+02
5.812000000000000455e+01
1.250400000000000205e+02
2.475800000000000409e+02
1.081800000000000068e+02
6.586299999999999955e+02
1.389599999999999227e+02
1.073399999999999892e+02
1.352299999999999898e+02
1.287600000000000477e+02
1.077199999999999704e+02
9.139999999999997726e+01
4.031999999999999318e+01
1.064100000000000250e+02
1.465500000000000114e+02
1.076299999999999955e+02
7.650600000000000591e+02
1.843200000000000216e+02
6.190299999999999727e+02
1.080399999999999920e+02
3.740399999999999636e+02
3.340400000000000773e+02
4.143999999999999773e+01
1.091000000000000085e+02
2.656900000000000546e+02
2.529699999999999704e+02
3.270900000000000318e+02
3.750800000000000409e+02
1.065099999999999909e+02
9.342999999999994998e+01
1.897200000000000273e+02
3.744900000000000091e+02
1.981700000000000728e+02
1.390000000000000000e+02
6.582600000000001046e+02
2.684900000000000091e+02
1.100100000000000193e+02
4.698200000000000500e+02
6.582100000000000364e+02
9.537999999999999545e+01
4.107999999999998408e+01
1.072300000000000182e+02
3.111100000000000136e+02
3.900900000000000318e+02
2.663200000000000500e+02
1.648799999999999386e+02
2.199800000000000182e+02
1.936000000000000227e+02
3.744399999999999977e+02
1.076600000000000108e+02
2.665600000000000023e+02
2.531100000000000136e+02
1.453499999999999659e+02
1.375800000000000409e+02
5.767200000000000273e+02
4.717000000000000171e+01
2.657900000000000205e+02
1.072400000000000091e+02
2.673899999999999864e+02
1.070799999999999841e+02
9.497000000000002728e+01
1.031599999999999682e+02
2.748400000000000318e+02
1.340800000000000409e+02
3.908399999999999750e+02
1.076899999999999977e+02
8.028899999999999864e+02
4.471000000000003638e+01
6.102200000000000273e+02
2.341200000000000045e+02
7.190600000000000591e+02
1.756899999999999977e+02
3.377400000000000659e+02
1.873499999999999091e+02
9.479999999999995453e+01
2.436200000000000045e+02
9.049000000000000909e+01
1.447599999999999909e+02
2.868999999999999773e+02
9.342000000000007276e+01
9.560599999999999454e+02
1.940000000000000000e+02
4.277999999999997272e+01
2.790600000000000023e+02
1.510399999999999636e+02
4.824000000000000341e+02
2.431699999999999875e+02
1.312400000000000091e+02
6.354000000000002046e+01
3.801200000000000614e+02
9.535700000000000500e+02
2.651499999999999773e+02
5.361399999999999864e+02
2.262500000000000000e+02
3.394500000000000455e+02
1.074800000000000040e+02
4.693500000000000227e+02
1.882500000000000000e+02
9.428000000000008640e+01
1.068000000000000114e+02
2.669400000000000546e+02
1.076099999999999568e+02
1.450800000000000409e+02
4.090999999999999659e+01
2.699499999999999886e+02
2.021400000000000432e+02
5.155999999999994543e+01
2.035999999999999943e+02
1.705300000000000011e+02
6.325999999999999091e+01
1.373500000000000796e+02
3.367399999999998954e+02
1.660000000000000000e+02
5.162699999999999818e+02
9.452999999999997272e+01
3.783500000000000227e+02
2.820600000000000591e+02
8.813999999999998636e+01
1.057100000000000364e+02
1.077199999999999989e+02
2.669399999999999977e+02
2.013899999999999864e+02
5.130000000000006821e+01
1.374099999999999682e+02
1.069600000000000080e+02
1.084600000000000080e+02
2.647400000000000091e+02
3.742799999999999727e+02
1.074900000000000091e+02
1.458000000000000114e+02
8.600099999999999909e+02
5.154000000000007731e+01
3.742599999999999909e+02
1.076000000000000227e+02
4.812100000000000364e+02
4.304999999999999432e+02
4.036000000000001364e+01
2.774399999999999977e+02
4.734100000000000250e+02
1.076500000000000057e+02
2.261500000000000057e+02
1.075400000000000205e+02
5.196400000000001000e+02
8.444999999999993179e+01
1.479700000000000273e+02
9.574000000000000909e+01
2.371700000000000159e+02
7.665200000000000955e+02
1.830499999999999829e+02
8.374000000000000909e+01
3.729800000000000182e+02
6.274000000000000909e+01
1.057700000000000102e+02
9.803000000000000114e+01
8.718000000000000682e+01
1.896800000000000068e+02
2.378199999999999932e+02
2.833700000000000045e+02
1.489599999999999795e+02
2.666000000000000227e+02
6.412000000000000455e+01
3.262299999999999613e+02
9.589999999999997726e+01
3.763500000000000227e+02
2.022000000000000455e+02
2.831200000000000045e+02
9.542999999999994998e+01
6.284900000000000091e+02
1.085000000000000000e+02
9.647000000000002728e+01
6.216699999999999591e+02
6.309000000000000341e+01
4.392000000000000171e+01
2.675399999999999636e+02
3.740500000000000114e+02
1.079099999999999682e+02
3.749100000000000250e+02
1.063100000000000023e+02
2.361700000000000159e+02
1.428700000000000045e+02
3.750500000000000114e+02
5.370499999999999545e+02
2.669300000000000068e+02
4.853000000000000682e+02
2.675600000000000023e+02
8.469999999999998863e+01
6.426000000000000512e+01
4.289000000000000057e+01
3.318700000000000045e+02
4.208999999999997499e+01
1.911600000000000819e+02
2.213600000000000136e+02
4.604999999999995453e+01
2.014499999999999886e+02
1.092900000000000205e+02
3.746299999999999955e+02
2.533899999999999864e+02
1.388500000000000227e+02
3.747500000000000000e+02
4.852499999999999432e+02
8.604400000000000546e+02
1.080499999999999972e+02
9.548799999999999955e+02
1.076400000000000148e+02
1.343800000000000239e+02
1.933599999999999568e+02
3.364300000000000068e+02
1.077000000000000028e+02
3.742000000000000455e+02
4.291400000000000432e+02
4.381000000000000227e+02
4.718900000000000432e+02
2.846999999999999886e+02
1.340300000000000296e+02
5.242000000000000455e+02
1.068900000000000006e+02
9.242000000000001592e+01
3.737900000000000205e+02
6.328999999999996362e+01
4.424000000000000909e+01
2.335800000000000409e+02
1.425900000000000318e+02
1.361399999999999864e+02
2.384200000000000159e+02
2.895800000000000409e+02
4.075999999999999091e+01
1.515799999999999841e+02
1.451999999999999886e+02
1.058799999999999955e+02
3.754300000000000068e+02
1.080899999999999892e+02
3.727400000000000091e+02
2.377200000000000273e+02
1.308100000000000023e+02
5.183199999999999363e+02
4.812700000000000387e+02
7.095600000000000591e+02
2.669800000000000182e+02
1.615400000000000205e+02
1.454499999999999886e+02
1.383200000000000500e+02
1.901399999999999864e+02
1.308600000000000136e+02
2.532400000000000659e+02
9.210999999999989996e+01
2.431700000000000159e+02
6.667899999999999636e+02
1.344799999999999898e+02
8.602400000000000091e+02
9.463999999999998636e+01
1.009399999999999977e+02
6.347000000000001307e+01
2.105499999999999829e+02
1.069700000000000273e+02
1.081499999999999915e+02
1.350300000000000296e+02
3.325500000000000114e+02
1.411699999999999591e+02
1.013700000000000045e+02
4.280000000000006821e+01
4.368600000000000136e+02
5.155399999999999636e+02
1.064599999999999795e+02
2.846999999999999886e+02
9.426999999999998181e+01
3.290600000000000023e+02
3.865499999999999545e+02
1.091099999999999852e+02
7.093600000000000136e+02
4.093999999999994088e+01
4.357699999999999818e+02
4.726599999999999682e+02
4.655000000000006821e+01
1.081800000000000068e+02
1.339800000000000182e+02
1.901299999999999955e+02
3.751599999999999682e+02
4.727000000000000455e+02
1.094100000000000108e+02
3.745300000000000296e+02
2.534300000000000068e+02
2.831399999999999864e+02
4.314999999999997726e+01
4.035000000000002274e+01
9.648000000000001819e+01
1.432500000000000000e+02
4.562000000000000455e+01
6.250000000000000000e+01
7.029600000000000364e+02
9.006999999999999318e+01
2.844100000000000250e+02
2.831100000000000136e+02
1.719000000000000341e+02
1.044199999999999591e+02
2.907100000000000364e+02
6.646299999999998818e+02
2.668000000000000114e+02
5.375599999999999454e+02
1.097699999999999960e+02
4.662100000000000364e+02
1.895299999999999727e+02
1.902700000000000955e+02
5.778700000000000045e+02
3.747200000000000273e+02
1.073899999999999864e+02
3.365700000000000500e+02
4.212999999999999545e+01
2.255099999999999909e+02
1.000700000000000500e+02
3.859099999999999682e+02
4.088999999999998636e+01
9.621000000000003638e+01
1.083400000000000034e+02
2.672000000000000455e+02
5.806500000000000909e+02
1.081400000000000148e+02
2.670800000000000409e+02
3.430000000000000000e+02
6.259600000000000364e+02
3.751200000000000045e+02
3.731499999999999773e+02
4.279199999999999591e+02
5.581000000000000227e+01
7.635000000000002274e+01
1.322799999999999727e+02
6.500000000000000000e+01
1.887200000000000273e+02
6.828799999999999955e+02
8.281999999999993634e+01
1.090799999999999983e+02
1.060700000000000074e+02
2.684099999999999682e+02
2.507700000000000387e+02
5.773100000000000591e+02
1.839399999999999977e+02
1.904100000000000250e+02
1.075900000000000034e+02
3.304200000000000159e+02
4.720000000000000568e+02
4.517999999999994998e+01
6.305000000000001137e+01
8.389999999999997726e+01
8.836000000000001364e+01
1.068999999999999773e+02
3.774500000000000455e+02
4.881999999999993634e+01
4.820500000000000114e+02
1.046400000000000006e+02
2.704099999999999682e+02
1.058300000000000409e+02
2.382099999999999795e+02
1.081899999999999977e+02
6.011399999999999864e+02
1.515000000000000000e+02
8.612599999999999909e+02
2.390499999999999545e+02
2.354100000000000819e+02
1.084799999999999898e+02
5.188400000000000318e+02
1.901799999999999500e+02
4.746999999999999318e+02
5.757999999999999545e+02
2.012199999999999989e+02
2.353300000000000409e+02
4.225599999999999454e+02
1.078400000000000034e+02
6.585199999999999818e+02
2.015199999999999818e+02
1.434200000000000728e+02
4.488999999999998636e+01
1.456000000000000227e+02
6.190999999999999659e+01
5.647800000000000864e+02
1.081200000000000045e+02
2.653400000000000318e+02
2.015099999999999909e+02
1.901499999999999773e+02
2.879399999999999977e+02
8.571999999999997044e+01
1.076400000000000432e+02
3.359900000000000091e+02
2.423799999999999955e+02
1.893400000000000318e+02
3.853000000000002956e+01
3.941499999999999773e+02
1.436599999999999682e+02
2.668400000000000318e+02
2.527399999999999523e+02
5.757000000000000455e+02
5.062999999999999545e+01
1.391900000000000546e+02
5.751500000000000909e+02
4.213200000000000500e+02
4.685099999999999909e+02
1.898400000000000318e+02
4.110000000000002274e+01
2.010199999999999818e+02
1.891000000000000227e+02
9.285000000000002274e+01
3.745900000000000318e+02
1.599599999999999795e+02
3.248600000000000136e+02
4.192199999999999704e+02
4.274900000000000659e+02
1.090000000000000000e+02
4.676899999999999409e+02
5.116000000000008185e+01
2.339599999999999227e+02
1.075000000000000000e+02
5.660200000000000955e+02
1.090199999999999960e+02
3.739600000000000364e+02
1.075399999999999636e+02
6.168000000000000682e+01
1.899500000000000455e+02
3.280599999999999454e+02
2.419700000000000273e+02
1.968600000000000136e+02
3.833700000000000045e+02
4.209000000000000341e+02
2.656299999999999955e+02
1.090999999999999943e+02
5.602000000000001023e+01
6.027699999999999818e+02
7.176699999999999591e+02
1.068399999999999750e+02
4.290800000000000409e+02
1.471599999999999682e+02
8.273000000000001819e+01
2.899399999999999977e+02
4.750400000000000205e+02
5.636499999999999773e+02
1.096200000000000188e+02
5.519999999999998863e+01
1.270000000000000284e+02
1.877399999999999523e+02
3.794200000000000159e+02
4.873999999999989541e+01
1.823499999999999943e+02
8.455000000000001137e+01
2.543000000000000114e+02
8.715999999999996817e+01
3.742199999999999704e+02
2.531600000000000819e+02
4.384999999999996589e+01
1.312300000000000182e+02
2.526100000000000136e+02
2.670700000000000500e+02
2.514000000000000341e+02
2.324099999999999682e+02
4.821500000000000341e+02
2.899000000000000341e+02
1.925199999999999818e+02
2.848500000000000227e+02
1.893400000000000318e+02
5.381800000000000637e+02
2.799700000000000273e+02
1.377500000000000000e+02
2.666700000000000159e+02
1.068999999999999915e+02
1.353200000000000216e+02
1.310199999999999818e+02
3.908300000000000409e+02
1.435199999999999818e+02
4.607000000000005002e+01
2.666200000000000045e+02
5.356900000000000546e+02
6.606000000000000227e+01
5.200299999999999727e+02
3.282500000000000000e+02
1.987199999999999989e+02
6.602800000000000864e+02
4.288999999999999773e+02
2.907599999999999909e+02
2.673199999999999932e+02
2.013100000000000591e+02
1.428600000000000136e+02
9.865999999999996817e+01
4.636000000000001364e+01
8.574000000000000909e+01
4.844699999999999704e+02
7.175099999999999909e+02
2.371500000000000909e+02
1.300999999999999659e+02
3.509100000000000250e+02
8.234000000000003183e+01
1.078100000000000023e+02
2.656899999999999977e+02
1.082800000000000296e+02
9.382999999999992724e+01
3.438600000000000136e+02
1.078800000000000097e+02
6.244000000000000909e+02
3.625999999999999091e+01
1.084599999999999937e+02
2.671899999999999977e+02
4.393700000000000045e+02
1.875800000000000409e+02
3.442800000000000296e+02
1.413200000000000500e+02
4.772999999999990450e+01
1.929399999999999977e+02
1.088200000000000074e+02
6.121200000000000045e+02
3.740199999999999818e+02
1.073799999999999955e+02
4.281699999999999591e+02
1.805400000000000773e+02
4.903999999999996362e+01
3.739000000000000341e+02
3.926899999999999409e+02
3.767800000000000296e+02
6.281000000000000227e+01
4.654399999999999977e+02
2.671200000000000045e+02
1.074499999999999886e+02
3.750200000000000387e+02
2.363399999999999750e+02
1.084700000000000131e+02
1.332599999999999625e+02
3.757699999999999818e+02
3.746200000000000045e+02
1.071299999999999955e+02
4.279499999999999886e+02
1.094800000000000040e+02
2.656100000000000136e+02
2.538700000000000045e+02
1.394299999999999500e+02
2.867400000000000091e+02
5.732400000000000091e+02
3.443100000000000023e+02
1.082300000000000182e+02
3.278099999999999454e+02
1.918299999999999841e+02
2.673999999999999773e+02
1.076299999999999955e+02
1.074899999999999807e+02
2.113800000000000239e+02
5.535000000000002274e+01
3.067899999999999636e+02
1.078599999999999994e+02
1.626300000000000239e+02
5.763400000000000318e+02
6.525499999999999545e+02
1.441599999999999682e+02
2.841299999999999955e+02
1.905299999999999727e+02
3.340600000000000023e+02
4.151000000000004775e+01
4.436000000000001364e+01
4.728499999999999659e+02
3.750000000000000000e+02
4.434000000000000341e+02
2.670300000000000296e+02
1.631299999999999386e+02
1.428900000000000432e+02
3.706200000000000045e+02
3.490900000000000318e+02
4.499000000000000909e+01
7.192400000000000091e+02
4.523000000000001819e+01
1.903199999999999363e+02
4.829300000000000637e+02
4.735699999999999932e+02
4.741600000000000250e+02
5.229600000000000364e+02
3.280500000000000682e+02
1.747800000000000011e+02
2.010099999999999909e+02
3.746399999999999864e+02
1.064300000000000068e+02
3.109300000000000637e+02
4.818500000000000227e+02
3.733899999999999864e+02
1.458499999999999659e+02
4.731000000000000227e+01
2.661200000000000045e+02
1.076100000000000136e+02
1.456900000000000546e+02
6.223000000000000398e+01
4.414000000000000057e+01
2.250400000000000205e+02
5.297400000000000091e+02
8.017799999999999727e+02
4.450999999999999091e+01
1.453899999999999864e+02
2.670500000000000114e+02
3.452300000000000182e+02
3.918399999999999750e+02
9.535000000000002274e+01
8.548300000000000409e+02
1.013600000000000136e+02
6.270100000000001046e+02
1.070099999999999909e+02
3.457599999999999909e+02
1.104600000000000364e+02
9.315999999999996817e+01
1.907300000000000182e+02
2.010100000000000477e+02
8.476000000000004775e+01
3.892200000000000273e+02
2.669600000000000364e+02
1.076999999999999886e+02
9.436999999999994770e+01
1.074000000000000057e+02
1.853599999999999852e+02
8.091000000000002501e+01
4.859800000000000182e+02
2.535600000000000023e+02
8.927899999999999636e+02
2.665700000000000500e+02
4.447800000000000296e+02
1.071400000000000148e+02
1.351000000000000227e+02
1.332799999999999727e+02
2.005399999999999636e+02
4.819800000000000182e+02
2.359799999999999613e+02
4.739999999999997726e+01
4.544999999999998863e+01
3.431200000000000614e+02
6.266000000000001080e+01
5.073799999999999955e+02
3.854500000000000455e+02
6.151000000000000512e+01
4.536000000000001364e+01
3.307599999999999909e+02
2.805699999999999932e+02
4.527999999999997272e+01
1.911299999999999955e+02
7.662899999999999636e+02
9.224000000000000909e+01
9.421000000000003638e+01
7.660800000000000409e+02
1.896000000000000227e+02
1.082100000000000080e+02
2.665099999999999909e+02
2.537300000000000750e+02
5.782799999999999727e+02
2.277600000000000193e+02
3.823000000000001819e+01
2.379099999999999682e+02
4.552000000000009550e+01
4.213999999999998636e+01
1.048000000000000114e+02
3.782900000000000205e+02
9.400999999999999091e+01
4.695900000000000318e+02
5.070000000000004547e+01
1.393899999999999864e+02
6.125000000000000000e+02
1.072599999999999909e+02
2.260100000000000193e+02
4.226999999999998181e+01
3.307099999999999795e+02
4.181600000000000250e+02
3.121399999999999864e+02
2.003700000000000045e+02
4.816400000000000432e+02
4.267700000000000387e+02
3.752500000000000568e+02
6.037999999999999545e+01
4.640999999999996817e+01
3.781299999999999955e+02
9.550000000000000000e+01
3.914399999999999409e+02
3.901599999999999682e+02
2.665199999999999818e+02
2.522600000000000477e+02
1.352200000000000273e+02
1.930799999999999272e+02
1.076500000000000057e+02
6.588799999999999955e+02
4.185000000000002274e+01
2.843200000000000500e+02
2.052100000000000080e+02
2.796299999999999955e+02
2.363899999999999864e+02
4.436000000000001364e+01
2.668899999999999864e+02
4.414900000000000091e+02
4.392999999999994998e+01
6.103399999999999181e+02
2.463599999999999568e+02
9.183000000000004093e+01
6.264500000000000455e+02
5.377099999999999227e+02
1.420700000000000500e+02
2.675700000000000500e+02
4.434300000000000068e+02
4.092999999999994998e+01
3.745000000000000000e+02
2.678799999999999955e+02
1.372200000000000273e+02
5.386000000000001364e+01
5.978000000000000114e+01
3.145800000000000409e+02
3.905999999999999659e+02
1.379900000000000091e+02
8.092700000000000955e+02
6.827799999999999727e+02
4.284800000000000182e+02
8.597900000000000773e+02
2.420699999999999932e+02
1.328700000000000045e+02
6.336000000000001364e+01
3.748799999999999955e+02
9.111000000000007049e+01
3.810399999999999636e+02
4.822300000000000182e+02
1.999199999999999591e+02
2.735000000000001137e+02
2.668199999999999932e+02
1.065699999999999932e+02
9.346999999999997044e+01
1.903000000000000682e+02
9.502999999999997272e+01
2.915500000000000114e+02
3.363200000000000500e+02
5.123999999999999773e+02
1.907799999999999727e+02
5.245000000000004547e+01
1.111200000000000045e+02
5.149000000000000909e+02
2.662899999999999636e+02
4.808600000000000136e+02
5.509000000000003183e+01
1.075799999999999983e+02
3.789200000000000159e+02
9.392999999999994998e+01
4.188600000000000136e+02
3.778799999999999955e+02
2.426799999999999784e+02
2.383900000000000432e+02
9.182999999999998408e+01
3.757100000000000364e+02
4.275000000000000000e+01
3.438999999999999773e+02
2.671000000000000227e+02
3.900400000000000773e+02
9.514999999999997726e+01
6.245399999999999636e+02
1.413400000000000318e+02
1.079800000000000182e+02
1.072799999999999869e+02
2.662400000000000091e+02
5.199700000000000273e+02
3.271299999999999955e+02
1.002800000000000296e+02
3.742800000000000296e+02
5.812799999999999727e+02
2.426700000000000159e+02
2.383899999999999864e+02
7.667200000000000273e+02
2.534200000000000159e+02
6.449000000000000909e+01
4.331999999999999318e+01
5.762500000000000000e+02
1.896000000000000227e+02
2.441100000000000136e+02
1.307699999999999818e+02
6.324000000000000199e+01
3.112500000000000000e+02
1.634699999999999704e+02
9.062999999999999545e+01
4.695699999999999932e+02
2.445100000000000193e+02
1.310500000000000114e+02
4.864299999999999500e+02
4.813399999999999750e+02
3.726900000000000546e+02
1.075599999999999881e+02
6.098999999999999773e+02
2.039099999999999966e+02
3.866999999999998749e+01
3.850600000000000591e+02
1.669199999999999875e+02
3.245000000000001705e+01
2.404800000000000182e+02
4.273999999999995225e+01
4.837599999999999909e+02
2.258300000000000125e+02
3.739100000000000250e+02
6.591599999999999682e+02
5.103999999999996362e+01
1.435199999999999818e+02
3.741200000000000045e+02
4.726899999999999977e+02
6.586600000000000819e+02
9.295000000000004547e+01
5.047999999999990450e+01
2.258900000000000148e+02
4.236000000000001364e+01
5.332999999999999545e+02
2.433200000000000216e+02
3.738200000000000500e+02
3.795300000000000296e+02
5.751999999999999602e+01
6.599600000000000364e+02
1.927099999999999227e+02
6.795099999999999909e+02
8.650999999999999091e+01
8.182300000000000182e+02
5.382999999999999545e+02
3.787500000000000568e+02
9.259000000000003183e+01
1.791799999999999500e+02
1.405000000000000000e+02
1.090800000000000125e+02
2.668999999999999773e+02
1.052100000000000364e+02
1.066999999999999886e+02
2.888499999999999659e+02
3.387199999999999704e+02
1.092600000000000051e+02
3.738400000000000318e+02
6.271399999999999864e+02
2.331200000000000045e+02
3.333399999999999750e+02
