8.421899999999999409e+02
6.804400000000000546e+02
5.134000000000000341e+01
5.553000000000000114e+01
9.256000000000000227e+01
2.468899999999999864e+02
4.824400000000000546e+02
9.379999999999995453e+01
1.077699999999999960e+02
5.251000000000001933e+01
3.896999999999999886e+01
2.833099999999999454e+02
2.952599999999999909e+02
1.698200000000000500e+02
1.301099999999999568e+02
3.394800000000000750e+02
2.512000000000000171e+02
4.312800000000000296e+02
5.475999999999999091e+01
3.270399999999999636e+02
5.135700000000000500e+02
4.733900000000000432e+02
3.283499999999999091e+02
4.256700000000000159e+02
3.928000000000008640e+01
5.579999999999999716e+01
4.523799999999999955e+02
1.199800000000000182e+02
3.595099999999999909e+02
8.812000000000000455e+01
2.189900000000000091e+02
2.017699999999999818e+02
1.027600000000000193e+02
5.181300000000001091e+02
9.102000000000001023e+01
7.029499999999999318e+02
2.881800000000000068e+02
2.674400000000000546e+02
1.991599999999999966e+02
4.814100000000000819e+02
9.490999999999996817e+01
2.416899999999999977e+02
3.293499999999999659e+02
5.240999999999999659e+01
5.551000000000000512e+01
3.707699999999999818e+02
3.243100000000000591e+02
1.580199999999999818e+02
2.153799999999999955e+02
4.771000000000000796e+01
7.924900000000000091e+02
4.713999999999998636e+01
6.297000000000000455e+02
5.635499999999999545e+02
1.905699999999999932e+02
4.731299999999999955e+02
1.070199999999999960e+02
7.482200000000000273e+02
4.785500000000000114e+02
3.415200000000000387e+02
7.967999999999994998e+01
7.772400000000000091e+02
3.598999999999999773e+02
4.650999999999999091e+01
1.480199999999999818e+02
4.824099999999999682e+02
5.696999999999999886e+01
6.699900000000000091e+02
3.035300000000000296e+02
2.226199999999999477e+02
2.489900000000000091e+02
3.430099999999999909e+02
5.748999999999999488e+01
1.421700000000000159e+02
2.173400000000000318e+02
3.792599999999999909e+02
2.130099999999999909e+02
5.009000000000003183e+01
7.924500000000000455e+02
5.533999999999998920e+01
9.103000000000000114e+01
3.617400000000000091e+02
3.297400000000000091e+02
9.582000000000005002e+01
3.839900000000000091e+02
9.276000000000001933e+01
5.079999999999999716e+01
3.364600000000000364e+02
5.104799999999999613e+02
4.708000000000004093e+01
7.232999999999999545e+02
5.090000000000000568e+01
1.097300000000000040e+02
5.572200000000000273e+02
1.955799999999999841e+02
4.851899999999999409e+02
2.984300000000000068e+02
9.682000000000002160e+01
2.631399999999999295e+02
2.126200000000000045e+02
1.758900000000001000e+02
4.329100000000000250e+02
2.996300000000000523e+02
2.973500000000000227e+02
7.388100000000000591e+02
1.952099999999999795e+02
2.352700000000000102e+02
9.021000000000000227e+02
4.312699999999999818e+02
2.684900000000000091e+02
8.952500000000001137e+02
6.810100000000001046e+02
1.785000000000000000e+02
3.793999999999994088e+01
4.550999999999999091e+01
3.334300000000000637e+02
3.725399999999999636e+02
2.019300000000000068e+02
5.594999999999998863e+01
1.415299999999999727e+02
1.475099999999999909e+02
5.588999999999998636e+01
5.741500000000000909e+02
2.073799999999999955e+02
2.009699999999999704e+02
1.745099999999999909e+02
1.432400000000000091e+02
4.883700000000000614e+02
9.466999999999995907e+01
1.212500000000000000e+02
5.744299999999999500e+02
6.274099999999999682e+02
5.721300000000001091e+02
1.228899999999999864e+02
3.446200000000000045e+02
4.724000000000000909e+01
1.397599999999999909e+02
3.371300000000000523e+02
1.918399999999999181e+02
5.807599999999999909e+02
1.908700000000000045e+02
3.251799999999999500e+02
2.998000000000000682e+02
3.034600000000000364e+02
5.585999999999999943e+01
1.074600000000000080e+02
6.614500000000000455e+02
1.286799999999999500e+02
3.833100000000000023e+02
3.783299999999999841e+02
8.969000000000005457e+01
3.750699999999999932e+02
5.632000000000000739e+01
5.601999999999999602e+01
3.240300000000000296e+02
4.680199999999999818e+02
5.760599999999999454e+02
1.063100000000000023e+02
5.046999999999999886e+01
2.966700000000000159e+02
8.601999999999998181e+01
3.434300000000000068e+02
7.818000000000006366e+01
6.297500000000000000e+02
5.404000000000007731e+01
6.300000000000000000e+02
1.598100000000000023e+02
7.400099999999999909e+02
5.976100000000000136e+02
5.115000000000000568e+01
3.833799999999999955e+02
3.394200000000000728e+02
7.738199999999999363e+02
1.307500000000000000e+02
4.190100000000000477e+02
7.250000000000000000e+02
9.211000000000001364e+01
2.350999999999999943e+02
4.737999999999999545e+01
2.893400000000000318e+02
3.813800000000000523e+02
1.957300000000000182e+02
9.302000000000001023e+01
2.867899999999999636e+02
4.149300000000000637e+02
5.775199999999999818e+02
4.349700000000000273e+02
1.512000000000000171e+02
8.206000000000000227e+01
2.482999999999999829e+02
3.820400000000000205e+02
1.744300000000000637e+02
1.523700000000000045e+02
5.965500000000000682e+02
5.512000000000000455e+01
5.107999999999999829e+01
5.593000000000002103e+01
9.136999999999997613e+01
5.780800000000000409e+02
4.805499999999999545e+02
8.498700000000000045e+02
7.004800000000000182e+02
4.809700000000000273e+02
1.966400000000000432e+02
5.445000000000000284e+01
5.752699999999999818e+02
3.892900000000000205e+02
4.332100000000000364e+02
1.591999999999999886e+02
5.110999999999999943e+01
2.347299999999999898e+02
5.095400000000000205e+02
8.410000000000002274e+01
3.703500000000000227e+02
4.803000000000002956e+01
2.960000000000000000e+02
1.067400000000000091e+02
8.222500000000001137e+02
5.746200000000001182e+02
2.166699999999999591e+02
4.860000000000002274e+01
1.983899999999999864e+02
6.610899999999999181e+02
2.489999999999994884e+00
1.011599999999999966e+02
2.940199999999999818e+02
1.464800000000000182e+02
4.500000000000000000e+02
1.513699999999999761e+02
3.268700000000000045e+02
1.148400000000000318e+02
4.097000000000002728e+01
1.482599999999999909e+02
3.249100000000000250e+02
5.226999999999999602e+01
3.728799999999999955e+02
5.658000000000001251e+01
6.662300000000000182e+02
1.256299999999999955e+02
4.468000000000000682e+01
4.244299999999999500e+02
4.352900000000000205e+02
3.390899999999999750e+02
5.087500000000000000e+02
2.176200000000000045e+02
5.070000000000000284e+01
4.315799999999999841e+02
4.022000000000002728e+01
1.565799999999999272e+02
1.448600000000000136e+02
4.833700000000000045e+02
5.593300000000000409e+02
1.465200000000000102e+02
3.610500000000000114e+02
3.389900000000000091e+02
1.075000000000000000e+02
2.421600000000000250e+02
7.851399999999999864e+02
5.081000000000000227e+01
2.967099999999999795e+02
3.830600000000000023e+02
1.222300000000000182e+02
2.152500000000000000e+02
2.491000000000000227e+02
1.070500000000000114e+02
3.746700000000000159e+02
5.218999999999999773e+01
5.502000000000001023e+01
9.370999999999997954e+01
7.251399999999999864e+02
4.644999999999998863e+01
2.007099999999999795e+02
6.159600000000000364e+02
5.070999999999999375e+01
4.303900000000000432e+02
7.765999999999996817e+01
2.522399999999999807e+02
4.711200000000000614e+02
8.999800000000000182e+02
4.636000000000001364e+01
1.463900000000000148e+02
6.979599999999999227e+02
5.106300000000000523e+02
1.222999999999999545e+02
3.570000000000004547e+01
9.191999999999998749e+01
1.906299999999999670e+02
3.830799999999999841e+02
1.562999999999999545e+02
3.263999999999999773e+02
6.922000000000000455e+02
4.737000000000000455e+01
1.045900000000000034e+02
4.698500000000000227e+02
6.282699999999999818e+02
2.612100000000000364e+02
5.087000000000000455e+01
3.380999999999999659e+02
4.695600000000000591e+02
2.498800000000000239e+02
3.263600000000000136e+02
2.096799999999999500e+02
5.089000000000000767e+01
2.998899999999999864e+02
8.293999999999999773e+01
1.682099999999999795e+02
2.203500000000000227e+02
3.636000000000001364e+01
4.607000000000005002e+01
1.686599999999999682e+02
5.504200000000000728e+02
5.484999999999999432e+01
1.469300000000000068e+02
9.969999999999998863e+01
4.045900000000000318e+02
1.733200000000000500e+02
1.222099999999999227e+02
3.611100000000000136e+02
1.199199999999999591e+02
6.799600000000000364e+02
1.417999999999999545e+02
2.832799999999999727e+02
4.405000000000001137e+01
1.396399999999999864e+02
7.645000000000004547e+01
4.683000000000004093e+01
3.869900000000000659e+02
3.372000000000000455e+02
8.473700000000000045e+02
2.246299999999999955e+02
3.324200000000000728e+02
4.140999999999996817e+01
1.780199999999999818e+02
3.536399999999999864e+02
5.540000000000000568e+01
1.467399999999999807e+02
3.061600000000000819e+02
2.520800000000000409e+02
3.790500000000000114e+02
5.501999999999999602e+01
3.736200000000000045e+02
5.160999999999999943e+01
3.374800000000000182e+02
5.792000000000000171e+01
2.403400000000000034e+02
7.760600000000000591e+02
4.296999999999991360e+01
1.271800000000000637e+02
3.820900000000000318e+02
1.723899999999999864e+02
7.571000000000003638e+01
9.285000000000002274e+01
1.244599999999999227e+02
3.908900000000000432e+02
3.888899999999999864e+02
8.932999999999998408e+01
4.701999999999999886e+02
1.480600000000000023e+02
1.044499999999999886e+02
4.308000000000000114e+02
1.252500000000000000e+02
9.271999999999999886e+01
5.171999999999999886e+01
3.819700000000000273e+02
1.472500000000000000e+02
3.003699999999999477e+02
1.715600000000000591e+02
9.090999999999999659e+01
5.797000000000002728e+01
2.260999999999999659e+02
5.132300000000000182e+02
5.613600000000000136e+02
3.366699999999999591e+02
5.213999999999999773e+02
1.761100000000000136e+02
1.556500000000000341e+02
5.234000000000000341e+01
3.818999999999999773e+02
1.253400000000000318e+02
8.596100000000000136e+02
8.457999999999992724e+01
1.987800000000000011e+02
6.612400000000000091e+02
2.537600000000000193e+02
3.057500000000000000e+02
8.361000000000001364e+01
1.492800000000000011e+02
4.326999999999998181e+01
4.653900000000000432e+02
2.803799999999999955e+02
4.715000000000000568e+02
8.975399999999999636e+02
1.928499999999999943e+02
1.331600000000000250e+02
4.775000000000000000e+01
1.054399999999999977e+02
9.313000000000002387e+01
5.768999999999999773e+02
8.231000000000005912e+01
5.278000000000000114e+01
3.480000000000001137e+01
5.727000000000000455e+02
5.148000000000001819e+01
2.171200000000000045e+02
8.593799999999999955e+02
3.964999999999997726e+01
5.532000000000000739e+01
9.296999999999999886e+01
3.255900000000000318e+02
1.244600000000000364e+02
1.464699999999999989e+02
4.431200000000000614e+02
5.475000000000000000e+01
8.440999999999996817e+01
2.746799999999999500e+02
2.076999999999999886e+02
5.142000000000000171e+01
3.809299999999999500e+02
3.411700000000000159e+02
7.687599999999999909e+02
4.252100000000000364e+02
2.189699999999999136e+02
1.241499999999999773e+02
4.865999999999996817e+01
6.837400000000000091e+02
5.542999999999999261e+01
1.948600000000000136e+02
3.074800000000000182e+02
4.908000000000004093e+01
2.901499999999999773e+02
1.413100000000000591e+02
6.893799999999999955e+02
1.659800000000000182e+02
1.076299999999999955e+02
4.861000000000001364e+01
1.983999999999999773e+02
5.314999999999997726e+01
1.396000000000000227e+02
5.126000000000000512e+01
6.806499999999999773e+02
7.155700000000000500e+02
2.472199999999999704e+02
4.722000000000002728e+01
2.968600000000000136e+02
2.315099999999999909e+02
2.501299999999999955e+02
2.327000000000000171e+02
5.157500000000000000e+02
3.218600000000000136e+02
5.326000000000001933e+01
2.505299999999999727e+02
4.824199999999999591e+02
3.590500000000000682e+02
5.186000000000000654e+01
5.700000000000000000e+01
2.804900000000000091e+02
2.498199999999999932e+02
3.021999999999999886e+02
4.973000000000001819e+01
4.682800000000000296e+02
1.273899999999999864e+02
4.772900000000000205e+02
9.914999999999997726e+01
2.478800000000000523e+02
5.854800000000000182e+02
2.227699999999999818e+02
2.152000000000000455e+02
5.566000000000002501e+01
3.841499999999999773e+02
7.227900000000000773e+02
5.626999999999999602e+01
1.072800000000000153e+02
5.758899999999999864e+02
5.214000000000000057e+01
8.079900000000000091e+02
1.911599999999999682e+02
5.164000000000000057e+01
5.162000000000000455e+01
2.847800000000000296e+02
2.935100000000000477e+02
