9.875000000000000000e+01
7.508399999999999181e+02
2.865600000000000591e+02
4.648799999999999386e+02
6.623000000000000682e+02
5.020999999999992269e+01
9.635000000000002274e+01
5.144500000000000455e+02
5.323000000000001819e+01
1.968399999999999750e+02
3.573900000000000432e+02
1.567100000000000364e+02
8.589999999999997726e+01
4.443000000000000682e+01
5.501999999999999602e+01
1.413300000000000409e+02
3.942400000000000091e+02
9.989000000000001478e+01
9.286000000000001364e+01
1.844899999999999523e+02
2.860900000000000318e+02
5.996999999999997044e+01
3.134700000000000841e+02
4.973400000000000318e+02
3.511200000000000045e+02
8.463400000000000318e+02
2.907099999999999795e+02
1.372200000000000273e+02
3.524599999999999227e+02
5.180000000000006821e+01
6.398200000000000500e+02
9.031000000000005912e+01
5.961000000000001364e+01
9.509000000000001762e+01
5.197999999999998977e+01
2.344900000000000091e+02
5.904000000000002046e+01
2.873999999999999773e+02
5.687000000000000455e+01
1.594100000000000250e+02
1.481100000000000136e+02
1.951700000000000159e+02
3.168400000000000318e+02
9.276999999999998181e+01
5.506999999999999318e+01
3.868999999999999773e+02
4.069499999999999886e+02
9.499000000000000909e+01
5.434999999999999432e+01
2.346500000000000057e+02
4.654199999999999591e+02
3.511200000000000045e+02
5.282000000000005002e+01
4.648399999999999750e+02
9.456999999999999318e+01
4.650899999999999750e+02
5.393999999999999773e+01
1.677599999999999909e+02
1.729100000000000250e+02
1.160499999999999545e+02
1.744800000000000182e+02
1.018200000000000216e+02
2.987899999999999636e+02
2.462999999999999545e+02
5.296000000000000796e+01
4.589999999999997726e+01
3.829600000000000364e+02
2.124000000000000341e+02
9.614000000000001478e+01
2.870199999999999818e+02
2.139499999999999318e+02
5.625299999999999727e+02
7.103600000000000136e+02
9.340000000000009095e+01
9.421000000000003638e+01
3.947699999999999818e+02
9.737999999999999545e+01
1.359499999999999886e+02
1.550200000000000387e+02
3.651699999999999591e+02
1.068000000000000114e+02
3.844499999999999886e+02
1.143899999999999864e+02
6.060999999999989996e+01
2.403700000000000330e+02
3.490600000000000591e+02
7.965900000000000318e+02
2.886399999999999864e+02
5.123500000000000227e+02
3.251500000000000341e+02
1.423899999999999864e+02
1.621599999999999682e+02
2.144600000000000364e+02
4.410300000000000296e+02
4.066599999999999682e+02
1.397299999999999898e+02
7.121700000000000728e+02
5.117600000000000477e+02
5.598099999999999454e+02
2.393700000000000045e+02
4.672999999999996135e+01
5.948000000000001819e+01
1.865900000000000318e+02
3.299900000000000091e+02
1.733100000000000023e+02
4.973900000000000432e+02
9.264999999999997726e+01
1.535400000000000205e+02
1.871300000000000523e+02
8.111000000000001364e+01
3.835199999999999818e+02
4.661500000000000341e+02
5.303000000000000114e+01
4.402000000000001023e+01
5.065799999999999841e+02
3.435099999999999909e+02
3.542899999999999636e+02
4.667599999999999909e+02
1.957699999999999818e+02
7.070000000000000000e+02
7.104500000000000455e+02
9.400999999999999091e+01
1.004699999999999989e+02
2.463400000000000318e+02
1.395199999999999818e+02
6.528700000000000045e+02
9.530000000000001137e+01
3.403100000000000023e+02
3.384000000000003183e+01
3.633700000000000045e+02
4.612500000000000000e+02
3.439500000000000455e+02
2.899400000000000546e+02
4.643300000000000409e+02
4.826999999999998181e+01
4.692999999999994998e+01
2.682799999999999727e+02
9.926000000000001933e+01
4.768699999999999477e+02
1.975800000000000409e+02
2.330399999999999920e+02
5.958000000000004093e+01
4.062199999999999704e+02
5.239999999999997726e+01
3.845099999999999909e+02
5.977999999999997272e+01
1.423000000000000114e+02
1.382800000000000296e+02
5.739999999999997726e+01
4.059900000000000659e+02
2.447400000000000091e+02
1.268700000000000045e+02
2.387599999999999909e+02
9.601000000000004775e+01
5.484999999999999432e+01
7.939700000000000273e+02
5.129800000000000182e+02
2.341999999999999886e+02
2.468199999999999932e+02
7.527200000000000273e+02
5.847999999999996135e+01
1.148199999999999932e+02
5.814999999999997726e+01
5.146000000000003638e+01
6.186000000000001364e+01
3.510900000000000318e+02
5.652999999999997272e+01
3.828100000000000023e+02
9.609999999999999432e+01
6.154600000000000364e+02
1.375500000000000682e+02
3.844200000000000159e+02
1.003100000000000023e+02
1.960900000000000318e+02
2.377600000000000193e+02
2.961200000000000045e+02
1.248999999999999773e+02
9.132000000000005002e+01
3.874599999999999795e+02
7.100400000000000773e+02
2.601599999999999682e+02
7.999400000000000546e+02
9.325999999999999091e+01
3.810899999999999750e+02
5.254000000000002046e+01
2.606000000000000227e+02
3.395600000000000023e+02
4.010699999999999363e+02
9.838000000000000966e+01
2.879700000000000273e+02
2.800699999999999932e+02
2.484699999999999704e+02
1.969700000000000273e+02
1.399499999999999886e+02
9.248000000000001819e+01
6.031999999999999318e+01
2.470300000000000296e+02
4.619600000000000364e+02
1.395000000000000000e+02
1.427800000000000011e+02
2.385699999999999932e+02
4.703000000000002956e+01
9.512999999999999545e+01
7.497100000000000364e+02
9.579999999999999716e+01
2.860199999999999818e+02
4.758699999999999477e+02
1.767599999999999909e+02
3.893000000000000682e+01
5.282000000000005002e+01
4.441299999999999955e+02
2.321200000000000330e+02
2.120199999999999818e+02
1.376800000000000637e+02
9.414999999999997726e+01
3.704300000000000068e+02
4.988999999999998636e+01
4.227999999999997272e+01
5.423000000000001819e+01
1.002400000000000091e+02
1.391200000000000045e+02
3.775500000000000114e+02
4.693999999999999773e+01
3.253399999999999750e+02
4.625999999999999659e+02
4.421100000000000136e+02
3.359900000000000091e+02
1.518399999999999750e+02
5.588000000000000682e+02
1.026200000000000330e+02
4.163800000000000523e+02
1.849699999999999136e+02
5.613600000000000136e+02
2.914700000000000273e+02
3.722699999999999818e+02
2.993300000000000409e+02
3.477500000000000000e+02
4.213599999999999568e+02
1.913600000000000136e+02
4.237000000000001876e+01
7.429299999999999500e+02
1.738200000000000500e+02
1.796399999999999864e+02
3.527199999999999136e+02
1.265600000000000591e+02
3.283500000000000227e+02
6.053999999999996362e+01
1.857099999999999795e+02
4.969299999999999500e+02
2.602800000000000864e+02
5.003999999999996362e+01
2.457100000000000364e+02
4.620999999999997954e+01
5.187599999999999909e+02
6.710500000000000682e+02
5.595000000000000284e+01
4.177000000000001023e+01
1.924599999999999795e+02
2.690200000000000387e+02
3.437699999999999818e+02
9.990000000000003411e+01
3.015699999999999932e+02
2.934900000000000091e+02
1.868100000000000591e+02
3.869200000000000159e+02
5.582400000000000091e+02
2.456600000000000819e+02
8.011800000000000637e+02
3.437099999999999795e+02
4.082200000000000841e+02
5.951999999999998181e+01
3.867999999999999545e+02
5.010600000000000023e+02
4.064600000000000364e+02
5.089999999999997726e+01
3.283100000000000023e+02
3.489200000000000728e+02
3.838700000000000045e+02
9.361000000000001364e+01
3.997500000000000000e+02
3.507300000000000182e+02
1.930899999999999750e+02
5.584000000000000909e+02
5.239999999999997726e+01
3.513600000000000136e+02
4.723999999999999488e+01
1.482000000000000171e+02
9.836000000000001364e+01
1.933299999999999841e+02
4.056299999999999955e+02
3.267200000000000841e+02
1.390499999999999545e+02
1.423999999999999773e+02
5.465999999999996817e+01
2.138200000000000500e+02
4.013500000000000227e+02
3.831900000000000546e+02
1.145799999999999841e+02
4.043400000000000318e+02
3.259300000000000068e+02
1.150200000000000387e+02
4.417600000000000477e+02
4.059799999999999613e+02
5.137000000000000455e+01
8.483500000000000227e+02
1.002900000000000205e+02
1.846800000000000068e+02
3.805199999999999818e+02
6.006999999999999318e+01
5.390999999999996817e+01
4.044600000000000364e+02
4.140999999999999659e+01
3.461899999999999977e+02
2.382300000000000182e+02
4.239100000000000250e+02
5.651400000000001000e+02
2.263600000000000136e+02
3.633100000000000591e+02
2.874400000000000546e+02
5.784999999999996589e+01
5.188500000000001364e+02
8.280999999999994543e+01
6.016499999999999773e+02
9.753999999999996362e+01
2.509899999999999807e+02
5.558500000000000227e+02
1.961900000000000261e+02
3.012300000000000182e+02
3.607599999999999341e+02
3.987500000000000568e+02
2.884300000000000637e+02
4.644499999999999318e+02
5.576800000000000637e+02
3.838400000000000318e+02
5.876999999999998181e+01
5.361000000000001364e+01
1.764700000000000273e+02
3.874000000000000909e+01
4.208700000000000614e+02
4.366999999999995907e+01
1.154599999999999795e+02
1.981499999999999773e+02
4.931000000000000227e+01
9.635000000000000853e+01
3.460499999999999545e+02
7.103399999999999181e+02
9.579000000000000625e+01
5.738700000000000045e+02
1.780099999999999909e+02
1.373399999999999750e+02
5.862000000000000455e+01
1.156499999999999773e+02
3.439700000000000273e+02
2.358199999999999932e+02
4.187099999999999795e+02
5.340999999999999659e+01
4.995900000000000318e+02
1.580899999999999181e+02
9.215000000000003411e+01
6.008299999999999272e+02
3.826700000000000159e+02
3.732900000000000205e+02
5.489000000000000057e+01
3.281100000000000136e+02
1.913100000000000023e+02
4.233599999999999568e+02
1.392700000000000102e+02
2.870000000000000000e+02
1.134300000000000068e+02
5.100199999999999818e+02
5.399000000000000909e+01
2.927799999999999727e+02
1.148899999999999864e+02
1.159500000000000455e+02
1.763799999999999955e+02
4.950000000000000000e+01
1.934900000000000091e+02
4.222199999999999704e+02
1.382800000000000864e+02
1.511599999999999966e+02
2.345300000000000011e+02
4.656100000000000705e+02
3.333899999999999864e+02
1.072400000000000091e+02
4.081399999999999864e+02
2.925000000000000000e+02
6.987999999999999545e+02
1.870100000000000477e+02
1.115199999999999250e+02
6.555099999999999909e+02
1.862400000000000091e+02
2.874100000000000250e+02
5.603300000000000409e+02
6.215999999999996817e+01
3.432100000000000364e+02
7.513899999999999864e+02
5.135000000000000000e+02
2.365499999999999829e+02
4.906000000000000227e+01
2.456300000000000523e+02
8.398000000000001819e+01
5.392000000000007276e+01
2.394899999999999807e+02
1.985900000000000318e+02
5.442999999999999545e+02
2.096100000000000136e+02
1.413899999999999864e+02
6.599099999999999682e+02
6.097400000000000091e+02
1.016900000000000261e+02
1.881999999999999886e+02
5.837000000000000455e+01
1.866899999999999977e+02
3.125000000000000000e+01
8.496599999999999682e+02
7.072999999999999545e+02
4.517000000000007276e+01
1.733000000000000114e+02
1.623499999999999659e+02
1.421200000000000045e+02
1.901299999999999955e+02
1.719099999999999682e+02
1.829599999999999795e+02
1.621800000000000637e+02
4.664400000000000546e+02
4.293500000000000227e+02
2.346100000000000136e+02
4.630699999999999932e+02
4.701000000000000512e+01
1.503000000000000114e+02
4.559999999999999432e+01
7.567200000000000273e+02
1.861499999999999773e+02
7.087899999999999636e+02
3.815600000000000023e+02
6.172999999999996135e+01
5.417000000000001592e+01
1.486500000000000057e+02
3.836800000000000068e+02
5.785999999999995680e+01
1.498599999999999852e+02
1.953700000000000045e+02
9.648999999999999488e+01
2.880299999999999727e+02
1.145200000000000387e+02
5.545000000000004547e+01
5.845999999999997954e+01
3.644199999999999591e+02
9.547000000000002728e+01
4.647099999999999795e+02
1.403700000000000330e+02
9.232000000000005002e+01
2.345700000000000216e+02
3.463500000000000227e+02
1.122799999999999727e+02
2.868899999999999864e+02
4.016100000000000136e+02
3.511799999999999500e+02
1.871700000000000159e+02
5.900000000000000000e+01
4.073199999999999932e+02
3.774900000000000091e+02
4.543999999999999773e+01
3.461499999999999773e+02
3.844800000000000182e+02
5.335199999999999818e+02
4.437599999999999909e+02
5.221000000000003638e+01
2.869700000000000273e+02
5.853000000000002956e+01
2.683300000000000409e+02
1.388099999999999454e+02
3.290400000000000205e+02
3.232699999999999818e+02
1.402400000000000091e+02
2.918100000000000023e+02
5.570500000000000682e+02
4.427999999999997272e+01
3.492500000000000000e+02
3.850499999999999545e+02
4.180400000000000205e+02
6.281299999999999955e+02
3.018300000000000409e+02
3.511599999999999682e+02
2.859499999999999318e+02
1.961700000000000159e+02
1.393000000000000114e+02
4.196500000000000341e+02
3.833500000000000227e+02
1.778000000000000682e+02
5.759999999999999432e+01
3.273100000000000023e+02
4.262099999999999795e+02
3.274000000000000341e+02
9.665000000000000568e+01
2.857400000000000091e+02
5.304999999999998295e+01
4.669999999999998863e+01
1.481800000000000352e+02
4.718999999999999773e+01
9.288999999999998636e+01
1.949599999999999795e+02
9.730000000000003979e+01
8.760999999999995680e+01
1.337800000000000296e+02
2.463900000000000432e+02
3.879200000000000159e+02
3.635399999999999636e+02
9.850999999999999091e+01
3.988899999999999864e+02
4.063400000000000318e+02
2.418100000000000023e+02
7.054500000000000455e+02
2.471499999999999773e+02
5.212999999999999545e+01
2.161600000000000819e+02
4.318999999999994088e+01
2.875600000000000591e+02
1.027699999999999250e+02
2.471300000000000239e+02
6.010399999999999636e+02
2.477400000000000091e+02
5.412999999999999545e+01
5.320099999999999909e+02
2.208300000000000409e+02
4.645400000000000205e+02
1.139700000000000273e+02
3.512599999999999909e+02
9.659000000000001762e+01
1.404199999999999875e+02
5.206999999999999318e+01
7.002900000000000773e+02
9.106000000000000227e+01
1.056299999999999955e+02
7.931499999999999773e+02
5.604200000000000728e+02
3.704400000000000546e+02
2.915500000000000114e+02
4.692000000000001592e+01
4.763999999999998636e+01
4.216399999999999864e+02
4.257000000000005002e+01
3.839300000000000637e+02
4.243099999999999454e+02
4.082000000000005002e+01
4.069000000000001194e+01
9.894999999999998863e+01
3.025900000000000318e+02
2.589299999999999500e+02
9.169000000000005457e+01
5.036000000000000227e+02
2.928099999999999454e+02
1.921699999999999591e+02
1.003199999999999648e+02
6.510199999999999818e+02
3.754799999999999613e+02
4.425000000000000000e+01
1.943499999999999943e+02
1.538899999999999864e+02
1.617500000000000000e+02
3.830199999999999818e+02
2.117999999999999545e+02
1.475500000000000114e+02
1.863500000000000227e+02
3.279899999999999523e+02
8.052400000000000091e+02
5.427000000000003865e+01
3.461000000000000227e+02
2.677000000000000455e+02
7.578900000000001000e+02
1.545099999999999909e+02
1.867699999999999818e+02
4.268000000000006366e+01
2.454900000000000091e+02
2.279800000000000182e+02
1.785499999999999545e+02
3.350400000000000205e+02
5.151900000000000546e+02
2.916200000000000045e+02
4.073099999999999454e+02
1.144199999999999591e+02
3.471299999999999955e+02
4.072000000000000455e+02
5.131000000000000227e+02
4.992700000000000387e+02
6.679199999999999591e+02
1.930699999999999932e+02
3.819800000000000182e+02
1.774900000000000091e+02
4.646499999999999773e+02
2.495099999999999909e+02
4.187000000000000455e+01
5.155800000000000409e+02
2.825500000000000114e+02
1.649800000000000182e+02
1.930499999999999829e+02
9.373000000000001819e+01
5.503000000000000114e+01
4.055099999999999909e+02
5.756999999999999318e+01
4.089399999999999409e+02
3.281100000000000136e+02
1.939399999999999977e+02
9.258000000000004093e+01
1.918099999999999739e+02
9.486000000000001364e+01
3.728800000000000523e+02
9.132999999999992724e+01
1.864099999999999966e+02
4.732999999999998408e+01
1.110399999999999636e+02
1.329900000000000091e+02
4.053999999999999773e+02
