7.600000000000000000e+01
3.755000000000001137e+01
5.128000000000000114e+01
5.956000000000000227e+01
9.451000000000000512e+01
7.194999999999998863e+01
1.527500000000000000e+02
3.795000000000001705e+01
1.911899999999999977e+02
4.722999999999998977e+01
7.958000000000001251e+01
3.711000000000001364e+01
7.845999999999999375e+01
6.025999999999999801e+01
1.126700000000000017e+02
5.798999999999998067e+01
8.158000000000001251e+01
8.921999999999999886e+01
4.469000000000001194e+01
1.145099999999999909e+02
1.969699999999999989e+02
1.113199999999999932e+02
8.096999999999999886e+01
1.420400000000000205e+02
1.077899999999999920e+02
1.509300000000000068e+02
6.275000000000000000e+01
3.621999999999999886e+01
7.915999999999999659e+01
7.205000000000001137e+01
5.650999999999999091e+01
5.969000000000000483e+01
1.057699999999999960e+02
1.195100000000000193e+02
1.371200000000000045e+02
4.616000000000001080e+01
8.054999999999998295e+01
6.870000000000000284e+01
4.817999999999999972e+01
3.719000000000000483e+01
9.354000000000000625e+01
1.823899999999999864e+02
9.568000000000000682e+01
2.650999999999999801e+01
1.005699999999999932e+02
8.549000000000000909e+01
7.758999999999998920e+01
5.331000000000000227e+01
2.896000000000000085e+01
6.339000000000000057e+01
7.558000000000001251e+01
2.211000000000001364e+01
1.156299999999999955e+02
8.556000000000000227e+01
7.285999999999998522e+01
5.498000000000001819e+01
5.172999999999998977e+01
1.423499999999999943e+02
9.672000000000001307e+01
5.909000000000000341e+01
9.457999999999999829e+01
5.226999999999999602e+01
9.097000000000001307e+01
5.432999999999998408e+01
2.090900000000000034e+02
1.433999999999999773e+02
1.312500000000000000e+02
8.745000000000001705e+01
6.146999999999998465e+01
7.644000000000001194e+01
3.964999999999997726e+01
9.318999999999999773e+01
5.264000000000000057e+01
9.068000000000000682e+01
6.635999999999999943e+01
6.416000000000001080e+01
4.588000000000000966e+01
6.299999999999998579e+01
4.438999999999998636e+01
4.403000000000000114e+01
5.252000000000001023e+01
8.089000000000001478e+01
3.456999999999999318e+01
1.435800000000000125e+02
1.499800000000000182e+02
1.358499999999999943e+02
3.556000000000000227e+01
1.122300000000000040e+02
9.121000000000000796e+01
1.039199999999999875e+02
8.245999999999999375e+01
9.095000000000001705e+01
3.243999999999999773e+01
9.326999999999999602e+01
6.828000000000000114e+01
1.695400000000000205e+02
1.452400000000000091e+02
4.693999999999999773e+01
5.592000000000000171e+01
1.096600000000000108e+02
1.259500000000000171e+02
8.039000000000000057e+01
4.248000000000000398e+01
1.034299999999999926e+02
8.312999999999999545e+01
9.378000000000000114e+01
1.518700000000000045e+02
5.203000000000000114e+01
1.774600000000000080e+02
8.753000000000000114e+01
4.056000000000000227e+01
1.566700000000000159e+02
8.055999999999998806e+01
1.772900000000000205e+02
6.478999999999999204e+01
3.610999999999998522e+01
7.800999999999999091e+01
2.643000000000000682e+01
6.030000000000000426e+01
1.033700000000000045e+02
1.596200000000000045e+02
5.106000000000000227e+01
3.151999999999999957e+01
1.261400000000000148e+02
8.112999999999999545e+01
5.846000000000000796e+01
5.924000000000000909e+01
7.886999999999999034e+01
2.942000000000001592e+01
3.493000000000000682e+01
9.112000000000000455e+01
3.048000000000000398e+01
1.811599999999999966e+02
9.512000000000001876e+01
5.423999999999998067e+01
