1.292400000000000091e+02
7.309999999999999432e+01
4.276000000000000512e+01
4.595999999999999375e+01
7.308000000000001251e+01
5.394999999999998863e+01
8.556000000000000227e+01
8.731000000000000227e+01
6.037000000000000455e+01
5.733000000000001251e+01
6.084999999999999432e+01
1.246200000000000045e+02
1.396499999999999773e+02
6.902000000000001023e+01
8.781000000000000227e+01
8.942999999999999261e+01
8.047000000000001307e+01
4.622999999999998977e+01
1.488700000000000045e+02
4.680000000000001137e+01
1.436100000000000136e+02
8.129999999999998295e+01
9.097000000000002728e+01
5.742000000000000171e+01
7.562999999999999545e+01
7.232999999999999829e+01
3.865999999999999659e+01
1.461999999999999886e+02
1.517199999999999989e+02
7.815999999999998238e+01
8.317000000000001592e+01
1.443100000000000023e+02
4.037999999999999545e+01
6.195999999999997954e+01
1.195000000000000000e+02
6.068000000000000682e+01
8.282999999999998408e+01
4.428000000000000114e+01
5.937999999999999545e+01
1.233399999999999892e+02
3.712999999999999545e+01
9.098999999999999488e+01
1.028100000000000023e+02
4.362000000000000455e+01
3.446999999999999886e+01
3.839000000000000057e+01
5.537999999999999545e+01
7.386999999999999034e+01
8.804999999999999716e+01
2.912999999999999545e+01
8.047999999999998977e+01
3.142000000000001592e+01
1.130599999999999881e+02
8.393999999999999773e+01
1.026500000000000057e+02
8.500999999999999091e+01
1.270400000000000063e+02
6.937000000000000455e+01
3.326000000000000512e+01
1.302600000000000193e+02
1.568999999999999773e+02
6.161999999999999744e+01
2.600000000000000000e+01
8.707999999999999829e+01
1.062199999999999989e+02
1.178600000000000136e+02
5.442999999999999261e+01
7.065999999999999659e+01
9.112999999999999545e+01
5.612999999999999545e+01
3.973999999999999488e+01
1.087399999999999949e+02
5.732000000000002160e+01
1.158900000000000148e+02
8.342000000000001592e+01
1.697199999999999989e+02
2.542999999999999972e+01
1.089699999999999989e+02
1.669800000000000182e+02
4.248000000000000398e+01
1.152199999999999989e+02
4.905000000000001137e+01
7.535999999999998522e+01
9.487999999999999545e+01
1.157000000000000171e+02
5.176000000000000512e+01
1.925699999999999932e+02
1.042000000000000171e+02
1.084399999999999977e+02
1.053300000000000125e+02
8.698000000000001819e+01
6.391000000000000369e+01
1.681499999999999773e+02
1.446899999999999977e+02
6.988000000000002387e+01
7.923000000000000398e+01
1.024099999999999966e+02
1.195700000000000074e+02
3.674000000000000909e+01
3.663999999999998636e+01
1.608100000000000023e+02
4.692000000000000171e+01
8.075999999999999091e+01
2.954000000000002046e+01
1.823300000000000125e+02
6.525000000000000000e+01
3.471000000000000796e+01
9.009999999999999432e+01
6.797999999999998977e+01
1.141899999999999977e+02
1.539100000000000250e+02
7.224000000000000909e+01
6.086000000000000654e+01
3.862999999999999545e+01
1.047299999999999898e+02
9.285000000000000853e+01
