1.696999999999999886e+02
6.039000000000000057e+01
1.171700000000000017e+02
5.146999999999999886e+01
1.118500000000000085e+02
4.290999999999999659e+01
1.126600000000000108e+02
1.395999999999999943e+02
7.469000000000002615e+01
1.445199999999999818e+02
1.106000000000000085e+02
7.600999999999999091e+01
8.546999999999999886e+01
3.514000000000000057e+01
4.968999999999999773e+01
7.548000000000000398e+01
1.536500000000000057e+02
8.486000000000001364e+01
1.243499999999999943e+02
4.998000000000000398e+01
8.781000000000000227e+01
5.531999999999999318e+01
1.321700000000000159e+02
7.155000000000001137e+01
7.370000000000001705e+01
5.372000000000001307e+01
6.999000000000000909e+01
3.319000000000001194e+01
1.016299999999999955e+02
8.599000000000000909e+01
4.465999999999999659e+01
8.627000000000001023e+01
9.307999999999998408e+01
1.160500000000000114e+02
8.793999999999999773e+01
9.297999999999998977e+01
3.343999999999999773e+01
4.921000000000000085e+01
9.246000000000000796e+01
1.459499999999999886e+02
1.139600000000000080e+02
1.612699999999999818e+02
1.690800000000000125e+02
2.305999999999999517e+01
1.381700000000000159e+02
2.381999999999999318e+01
3.436999999999999034e+01
5.937000000000000455e+01
7.060999999999998522e+01
6.270000000000001705e+01
1.367700000000000102e+02
4.385999999999998522e+01
5.612000000000000455e+01
5.504000000000000625e+01
7.075000000000000000e+01
1.231899999999999977e+02
9.725000000000000000e+01
1.049300000000000068e+02
9.044000000000001194e+01
1.934999999999999432e+01
4.956000000000000227e+01
3.915000000000000568e+01
5.278999999999999204e+01
1.329499999999999886e+02
2.131999999999999318e+01
9.385999999999999943e+01
3.217000000000001592e+01
5.277000000000001023e+01
1.425500000000000114e+02
6.202000000000001023e+01
1.411299999999999955e+02
3.432000000000000739e+01
4.244000000000000483e+01
1.669499999999999886e+02
2.946999999999999886e+01
1.459399999999999977e+02
4.038000000000000966e+01
7.000999999999999091e+01
2.472999999999998977e+01
1.846800000000000068e+02
6.839000000000000057e+01
8.711000000000001364e+01
5.218000000000000682e+01
7.173000000000000398e+01
9.201000000000001933e+01
5.490999999999999659e+01
9.621000000000000796e+01
3.672000000000001307e+01
1.086200000000000045e+02
6.575999999999999091e+01
6.292000000000000881e+01
4.673999999999999488e+01
5.380999999999999517e+01
4.540999999999999659e+01
2.271999999999999886e+01
7.556000000000001648e+01
1.000999999999999943e+02
1.152900000000000063e+02
6.358999999999998920e+01
7.046000000000000796e+01
1.138500000000000085e+02
1.594200000000000159e+02
2.550999999999999801e+01
2.980000000000001137e+01
4.840999999999998238e+01
5.812000000000000455e+01
4.586000000000001364e+01
1.090499999999999972e+02
8.050000000000000000e+01
3.305000000000000426e+01
1.715400000000000205e+02
1.343899999999999864e+02
5.056999999999999318e+01
1.010400000000000205e+02
1.652599999999999909e+02
8.483999999999998920e+01
4.745000000000000284e+01
9.255000000000001137e+01
3.739999999999999858e+01
8.564999999999999147e+01
6.805000000000001137e+01
9.802000000000001023e+01
8.461000000000001364e+01
1.230699999999999932e+02
9.396999999999999886e+01
7.904000000000000625e+01
6.426000000000000512e+01
5.384999999999999432e+01
1.424200000000000159e+02
4.777000000000001023e+01
8.576000000000001933e+01
1.906399999999999864e+02
